SysTime,TimeStamp,NoOfSamplesPerSecond
78592936,78592468,18
78593137,78592830,10
78593338,78593032,10
78593539,78593233,10
78593741,78593435,15
78593942,78593737,10
78594148,78593938,10
78594349,78594140,10
78594552,78594341,10
78594773,78594542,9
78594974,78594724,10
78595175,78594925,11
78595376,78595147,10
78595577,78595348,10
78595791,78595549,9
78595992,78595731,10
78596193,78595932,10
78596395,78596134,10
78596596,78596335,11
78596799,78596557,9
78597000,78596738,10
78597202,78596939,10
78597403,78597141,10
78597604,78597342,10
78597806,78597543,9
78598007,78597725,10
78598209,78597926,11
78598411,78598148,10
78598613,78598349,10
78598816,78598551,9
78599021,78598732,11
78599222,78598953,10
78599424,78599155,10
78599627,78599356,9
78599832,78599538,10
78600033,78599739,10
78600235,78599940,10
78600440,78600142,11
78600642,78600363,9
78600844,78600545,10
78601046,78600746,10
78601248,78600947,10
78601450,78601149,10
78601651,78601350,15
78601857,78601652,10
78602058,78601854,10
78602260,78602055,10
78602462,78602257,9
78602664,78602438,10
78602869,78602639,11
78603071,78602861,10
78603272,78603062,9
78603486,78603244,10
78603688,78603445,10
78603890,78603646,10
78604092,78603848,10
78604294,78604049,10
78604500,78604251,10
78604701,78604452,10
78604919,78604653,10
78605120,78604855,10
78605322,78605056,9
78605524,78605238,10
78605726,78605439,11
78605928,78605661,10
78606130,78605862,9
78606331,78606043,10
78606533,78606245,10
78606736,78606446,10
78606937,78606647,10
78607141,78606849,10
78607346,78607050,10
78607548,78607252,10
78607751,78607453,10
78607952,78607655,10
78608154,78607856,9
78608356,78608037,10
78608558,78608239,11
78608760,78608460,10
78608961,78608662,9
78609164,78608843,16
78609365,78609165,10
78609567,78609367,10
78609768,78609568,9
78609969,78609749,10
78610170,78609951,10
78610372,78610152,10
78610575,78610354,10
78610777,78610555,10
78610979,78610756,10
78611181,78610958,10
78611383,78611159,10
78611585,78611361,10
78611789,78611562,10
78611990,78611763,10
78612192,78611965,10
78612399,78612166,10
78612601,78612368,9
78612812,78612549,11
78613014,78612771,10
78613217,78612972,10
78613419,78613173,10
78613621,78613375,9
78613824,78613556,11
78614027,78613778,9
78614230,78613959,10
78614432,78614160,10
78614635,78614362,10
78614837,78614563,10
78615039,78614765,11
78615242,78614986,10
78615445,78615188,9
78615647,78615369,10
78615850,78615570,10
78616056,78615772,11
78616262,78615993,9
78616464,78616174,10
78616666,78616376,10
78616871,78616577,10
78617072,78616779,10
78617274,78616980,9
78617477,78617161,11
78617680,78617383,10
78617883,78617584,15
78618093,78617887,9
78618296,78618068,10
78618497,78618269,10
78618700,78618471,10
78618903,78618672,10
78619107,78618873,10
78619310,78619075,10
78619512,78619276,10
78619716,78619478,11
78619921,78619699,9
78620124,78619881,10
78620325,78620082,10
78620526,78620283,10
78620730,78620485,10
78620940,78620686,10
78621141,78620888,10
78621348,78621089,10
78621551,78621290,10
78621755,78621492,9
78621957,78621673,11
78622160,78621895,10
78622361,78622096,10
78622563,78622298,10
78622767,78622499,9
78622968,78622680,10
78623172,78622882,11
78623375,78623103,10
78623577,78623305,8
78623779,78623466,11
78623981,78623687,10
78624183,78623889,10
78624385,78624090,10
78624587,78624292,10
78624792,78624493,10
78624993,78624694,10
78625195,78624896,10
78625397,78625097,9
78625601,78625278,10
78625804,78625480,16
78626008,78625802,10
78626211,78626004,9
78626413,78626185,10
78626615,78626386,11
78626818,78626608,10
78627020,78626809,10
78627222,78627011,9
78627424,78627192,10
78627629,78627393,11
78627833,78627615,10
78628034,78627816,9
78628235,78627998,10
78628437,78628199,10
78628638,78628400,11
78628840,78628622,10
78629042,78628823,9
78629245,78629005,10
78629447,78629206,10
78629649,78629408,10
78629850,78629609,10
78630051,78629810,10
78630252,78630012,10
78630457,78630213,10
78630658,78630415,10
78630862,78630616,9
78631063,78630797,11
78631264,78631019,10
78631467,78631220,10
78631668,78631422,9
78631870,78631603,10
78632071,78631804,10
78632272,78632006,10
78632473,78632207,11
78632674,78632429,9
78632875,78632610,10
78633076,78632811,10
78633277,78633013,10
78633478,78633214,9
78633680,78633396,10
78633881,78633597,11
78634082,78633818,10
78634285,78634020,10
78634486,78634221,9
78634688,78634403,10
78634890,78634604,10
78635091,78634805,10
78635295,78635007,10
78635497,78635208,9
78635698,78635390,11
78635902,78635611,10
78636105,78635813,10
78636307,78636014,9
78636511,78636195,11
78636713,78636417,10
78636916,78636618,10
78637143,78636820,14
78637350,78637102,10
78637552,78637303,10
78637754,78637504,11
78637956,78637726,9
78638158,78637907,10
78638361,78638109,10
78638564,78638310,10
78638766,78638511,11
78638968,78638733,9
78639170,78638914,10
78639373,78639116,10
78639575,78639317,10
78639778,78639519,10
78639979,78639720,10
78640180,78639921,10
78640382,78640123,10
78640585,78640324,10
78640788,78640526,10
78640990,78640727,10
78641192,78640928,10
78641394,78641130,10
78641598,78641331,9
78641802,78641513,10
78642004,78641714,11
78642207,78641936,10
78642409,78642137,10
78642611,78642338,9
78642813,78642520,10
78643014,78642721,10
78643219,78642923,10
78643423,78643124,10
78643625,78643325,10
78643827,78643527,10
78644028,78643728,10
78644231,78643930,10
78644433,78644131,10
78644635,78644332,10
78644841,78644534,15
78645045,78644836,10
78645247,78645037,9
78645454,78645219,10
78645656,78645420,11
78645859,78645642,10
78646061,78645843,9
78646265,78646024,10
78646467,78646226,10
78646669,78646427,10
78646875,78646629,11
78647077,78646850,9
78647278,78647031,10
78647479,78647233,10
78647684,78647434,10
78647887,78647636,9
78648091,78647817,11
78648293,78648038,10
78648494,78648240,10
78648695,78648441,10
78648910,78648643,9
78649113,78648824,10
78649316,78649025,11
78649517,78649247,10
78649722,78649448,9
78649923,78649630,10
78650124,78649831,10
78650326,78650032,10
78650528,78650234,11
78650730,78650455,9
78650932,78650637,10
78651134,78650838,10
78651335,78651040,11
78651537,78651261,9
78651738,78651442,10
78651941,78651644,10
78652143,78651845,10
78652345,78652047,10
78652563,78652248,15
78652769,78652550,10
78652971,78652752,9
78653175,78652933,10
78653376,78653134,10
78653577,78653336,10
78653779,78653537,11
78653980,78653759,10
78654182,78653960,9
78654384,78654141,10
78654587,78654343,10
78654789,78654544,10
78654992,78654746,9
78655194,78654927,11
78655396,78655148,10
78655601,78655350,10
78655806,78655551,10
78656007,78655753,9
78656209,78655934,10
78656412,78656135,11
78656614,78656357,10
78656821,78656558,10
78657023,78656760,9
78657225,78656941,10
78657426,78657142,11
78657645,78657364,9
78657848,78657545,10
78658050,78657747,10
78658252,78657948,10
78658454,78658150,10
78658658,78658351,10
78658859,78658552,10
78659060,78658754,10
78659264,78658955,15
78659468,78659257,10
78659670,78659459,10
78659874,78659660,10
78660078,78659862,10
78660280,78660063,10
78660483,78660264,9
78660688,78660446,10
78660891,78660647,11
78661095,78660869,10
78661297,78661070,9
78661499,78661251,10
78661701,78661453,11
78661904,78661674,10
78662107,78661876,9
78662309,78662057,10
78662511,78662258,10
78662714,78662460,10
78662916,78662661,11
78663118,78662883,9
78663321,78663064,10
78663523,78663266,10
78663726,78663467,10
78663927,78663668,10
78664129,78663870,10
78664334,78664071,10
78664535,78664273,10
78664737,78664474,10
78664941,78664675,10
78665143,78664877,9
78665345,78665058,11
78665550,78665280,10
78665755,78665481,9
78665956,78665662,11
78666157,78665884,10
78666359,78666085,10
78666561,78666287,10
78666764,78666488,9
78666965,78666669,10
78667167,78666871,11
78667382,78667092,10
78667583,78667294,9
78667786,78667475,10
78667989,78667677,10
78668192,78667878,16
78668401,78668200,9
78668603,78668381,10
78668805,78668583,10
78669009,78668784,10
78669222,78668986,11
78669424,78669207,9
78669627,78669389,10
78669830,78669590,10
78670031,78669791,10
78670233,78669993,10
78670436,78670194,9
78670640,78670376,10
78670843,78670577,11
78671045,78670798,9
78671248,78670980,10
78671454,78671181,11
78671655,78671403,10
78671858,78671604,10
78672062,78671806,9
78672263,78671987,10
78672468,78672188,11
78672670,78672410,10
78672875,78672611,9
78673078,78672793,10
78673281,78672994,10
78673484,78673195,10
78673688,78673397,11
78673893,78673618,9
78674096,78673800,10
78674305,78674001,10
78674507,78674202,15
78674711,78674505,9
78674914,78674686,11
78675119,78674907,10
78675324,78675109,10
78675527,78675310,9
78675729,78675491,10
78675932,78675693,11
78676134,78675914,10
78676336,78676116,10
78676538,78676317,9
78676741,78676499,10
78676942,78676700,10
78677145,78676901,10
78677347,78677103,9
78677549,78677284,11
78677753,78677506,10
78677955,78677707,10
78678157,78677908,10
78678359,78678110,9
78678564,78678291,11
78678767,78678513,10
78678969,78678714,10
78679173,78678916,9
78679375,78679097,10
78679580,78679298,11
78679781,78679520,10
78679983,78679721,9
78680187,78679902,10
78680389,78680104,10
78680593,78680305,11
78680797,78680527,10
78680999,78680728,9
78681201,78680910,10
78681404,78681111,10
78681606,78681312,11
78681808,78681534,10
78682010,78681735,9
78682211,78681917,10
78682413,78682118,10
78682615,78682319,10
78682818,78682521,9
78683020,78682702,11
78683222,78682924,10
78683424,78683125,10
78683626,78683327,14
78683833,78683609,10
78684034,78683810,10
78684238,78684011,11
78684440,78684233,9
78684642,78684414,10
78684860,78684616,10
78685061,78684817,10
78685263,78685018,11
78685466,78685240,9
78685668,78685421,10
78685873,78685623,10
78686075,78685824,10
78686280,78686026,10
78686482,78686227,10
78686685,78686428,10
78686887,78686630,10
78687089,78686831,10
78687292,78687033,9
78687494,78687214,11
78687696,78687435,10
78687899,78687637,10
78688101,78687838,9
78688303,78688020,10
78688504,78688221,11
78688706,78688443,10
78688907,78688644,10
78689109,78688845,9
78689310,78689027,10
78689516,78689228,10
78689718,78689429,10
78689920,78689631,10
78690122,78689832,10
78690325,78690034,10
78690527,78690235,10
78690729,78690437,10
78690930,78690638,10
78691131,78690839,9
78691334,78691021,11
78691538,78691242,10
78691740,78691444,9
78691942,78691625,10
78692143,78691826,16
78692346,78692149,10
78692548,78692350,9
78692751,78692531,10
78692953,78692733,10
78693155,78692934,10
78693357,78693136,10
78693559,78693337,10
78693764,78693538,10
78693966,78693740,10
78694167,78693941,10
78694368,78694143,9
78694570,78694324,11
78694772,78694545,10
78694973,78694747,9
78695178,78694928,11
78695380,78695150,9
78695584,78695331,10
78695789,78695532,11
78695991,78695754,9
78696193,78695935,10
78696395,78696137,10
78696597,78696338,11
78696799,78696560,10
78697000,78696761,9
78697204,78696942,10
78697407,78697144,10
78697609,78697345,10
78697811,78697547,11
78698013,78697768,8
78698218,78697929,11
78698420,78698151,10
78698624,78698352,10
78698826,78698554,10
78699028,78698755,9
78699245,78698936,10
78699447,78699138,11
78699650,78699359,10
78699852,78699561,9
78700054,78699742,10
78700256,78699943,11
78700459,78700165,10
78700662,78700366,9
78700866,78700548,15
78701071,78700850,10
78701275,78701051,10
78701478,78701253,10
78701684,78701454,10
78701888,78701655,10
78702096,78701857,10
78702298,78702058,10
78702501,78702260,9
78702702,78702441,10
78702904,78702642,11
78703106,78702864,10
78703307,78703065,9
78703511,78703247,11
78703714,78703468,10
78703917,78703670,10
78704119,78703871,10
78704321,78704072,9
78704523,78704254,10
78704725,78704455,11
78704928,78704677,10
78705130,78704878,8
78705332,78705039,11
78705534,78705261,10
78705736,78705462,10
78705939,78705664,10
78706146,78705865,10
78706348,78706066,5
