10201, 78592936, 78592609, 1, 195, 5, 0, -248, -1252, 6960, 40, -282, -1232, 6954, 80, -269, -1224, 6954, 121, -247, -1218, 6957, 161, -255, -1206, 6975,
10201, 78593137, 78592810, 1, 195, 5, 0, -262, -1213, 6984, 40, -288, -1212, 6995, 81, -283, -1214, 6988, 121, -274, -1192, 6964, 161, -286, -1212, 6968,
10201, 78593339, 78593012, 1, 195, 5, 0, -296, -1232, 6974, 40, -292, -1243, 6992, 80, -311, -1233, 6969, 120, -297, -1226, 6978, 161, -296, -1257, 6964,
10201, 78593540, 78593213, 1, 195, 5, 0, -291, -1248, 6978, 40, -303, -1238, 6978, 81, -320, -1228, 6996, 121, -307, -1230, 6983, 161, -291, -1235, 6989,
10201, 78593742, 78593414, 1, 195, 8, 0, -293, -1254, 6993, 41, -285, -1252, 6987, 81, -291, -1246, 6995, 121, -287, -1243, 6992, 162, -288, -1223, 6993, 202, -308, -1209, 6988, 242, -299, -1207, 6994, 282, -293, -1212, 6983,
10201, 78593943, 78593737, 1, 195, 5, 0, -289, -1219, 6988, 40, -280, -1233, 6985, 80, -282, -1237, 6984, 121, -268, -1227, 6996, 161, -279, -1214, 7005,
10201, 78594148, 78593938, 1, 195, 5, 0, -303, -1222, 6992, 40, -291, -1224, 6982, 81, -284, -1205, 6986, 121, -286, -1200, 6981, 161, -275, -1191, 6984,
10201, 78594351, 78594140, 1, 195, 5, 0, -279, -1195, 6986, 40, -291, -1195, 6985, 80, -272, -1200, 6991, 120, -264, -1206, 7009, 161, -288, -1183, 6996,
10201, 78594552, 78594341, 1, 195, 5, 0, -303, -1172, 6999, 40, -287, -1185, 7010, 81, -276, -1200, 7000, 121, -268, -1181, 7015, 161, -294, -1169, 7010,
10201, 78594773, 78594542, 1, 195, 5, 0, -292, -1143, 7029, 41, -284, -1158, 7033, 81, -291, -1136, 7031, 121, -278, -1132, 7028, 162, -291, -1140, 7083,
10201, 78594974, 78594744, 1, 195, 4, 0, -286, -1124, 7068, 40, -304, -1154, 7044, 80, -249, -1160, 7037, 121, -227, -1157, 6989,
10201, 78595176, 78594905, 1, 195, 5, 0, -256, -1151, 7004, 40, -236, -1152, 7000, 81, -236, -1155, 6969, 121, -217, -1160, 6971, 161, -178, -1144, 6971,
10201, 78595377, 78595106, 1, 195, 6, 0, -179, -1124, 6978, 41, -164, -1133, 6975, 81, -161, -1126, 6979, 121, -171, -1131, 6987, 161, -187, -1097, 7009, 202, -185, -1095, 7011,
10201, 78595578, 78595348, 1, 195, 5, 0, -179, -1102, 7007, 40, -168, -1110, 7020, 81, -169, -1094, 7012, 121, -174, -1089, 6987, 161, -187, -1103, 6991,
10201, 78595792, 78595549, 1, 195, 5, 0, -199, -1141, 6970, 41, -185, -1155, 6966, 81, -173, -1170, 6964, 121, -183, -1178, 6951, 162, -199, -1194, 6950,
10201, 78595993, 78595751, 1, 195, 5, 0, -222, -1193, 6958, 40, -239, -1187, 6975, 80, -242, -1194, 6972, 121, -239, -1199, 6971, 161, -247, -1196, 6982,
10201, 78596194, 78595952, 1, 195, 5, 0, -256, -1184, 6991, 41, -256, -1192, 6998, 81, -238, -1163, 6992, 121, -226, -1170, 6995, 161, -218, -1157, 7000,
10201, 78596396, 78596154, 1, 195, 5, 0, -226, -1146, 7003, 40, -219, -1157, 6993, 80, -218, -1158, 6992, 121, -212, -1141, 6978, 161, -201, -1123, 6979,
10201, 78596597, 78596355, 1, 195, 5, 0, -194, -1116, 7016, 40, -184, -1105, 7023, 81, -222, -1103, 7023, 121, -199, -1106, 7040, 161, -209, -1098, 7044,
10201, 78596800, 78596557, 1, 195, 4, 0, -243, -1081, 7055, 40, -195, -1097, 7014, 80, -179, -1117, 6998, 120, -179, -1119, 6977,
10201, 78597001, 78596718, 1, 195, 5, 0, -180, -1163, 6982, 40, -200, -1159, 6974, 80, -210, -1143, 6978, 121, -207, -1147, 6968, 161, -207, -1170, 6989,
10201, 78597203, 78596919, 1, 195, 5, 0, -224, -1195, 6975, 40, -220, -1187, 6964, 81, -208, -1182, 6971, 121, -197, -1183, 6975, 161, -236, -1155, 6986,
10201, 78597404, 78597121, 1, 195, 5, 0, -210, -1160, 6973, 40, -220, -1157, 6975, 80, -208, -1130, 6969, 120, -168, -1149, 6962, 161, -169, -1163, 6958,
10201, 78597605, 78597322, 1, 195, 5, 0, -157, -1187, 6941, 40, -153, -1181, 6921, 80, -151, -1186, 6936, 121, -155, -1207, 6947, 161, -171, -1206, 6954,
10201, 78597807, 78597523, 1, 195, 5, 0, -171, -1179, 6963, 41, -172, -1150, 6960, 81, -178, -1150, 6962, 121, -171, -1166, 6969, 161, -163, -1177, 6949,
10201, 78598009, 78597725, 1, 195, 5, 0, -157, -1204, 6911, 40, -180, -1205, 6908, 80, -200, -1206, 6932, 121, -204, -1207, 6943, 161, -199, -1197, 6943,
10201, 78598210, 78597926, 1, 195, 6, 0, -221, -1210, 6947, 40, -237, -1209, 6952, 81, -240, -1191, 6969, 121, -215, -1200, 6963, 161, -213, -1196, 6970, 202, -233, -1194, 6974,
10201, 78598412, 78598168, 1, 195, 5, 0, -216, -1176, 6991, 40, -222, -1187, 6985, 80, -206, -1177, 6973, 121, -211, -1179, 6962, 161, -193, -1190, 6956,
10201, 78598614, 78598369, 1, 195, 5, 0, -171, -1186, 6970, 41, -178, -1190, 6957, 81, -198, -1199, 6917, 121, -170, -1191, 6932, 161, -165, -1216, 6958,
10201, 78598819, 78598571, 1, 195, 4, 0, -179, -1196, 6955, 40, -177, -1193, 6931, 80, -198, -1163, 6981, 121, -222, -1171, 6960,
10201, 78599022, 78598732, 1, 195, 5, 0, -187, -1206, 6948, 40, -175, -1212, 6954, 80, -188, -1204, 6946, 121, -202, -1218, 6950, 161, -190, -1233, 6934,
10201, 78599223, 78598933, 1, 195, 5, 0, -218, -1244, 6941, 41, -243, -1239, 6958, 81, -228, -1226, 6950, 121, -221, -1213, 6952, 161, -207, -1215, 6958,
10201, 78599426, 78599135, 1, 195, 5, 0, -196, -1217, 6953, 40, -199, -1196, 6949, 80, -214, -1186, 6967, 121, -186, -1155, 6972, 161, -162, -1152, 6957,
10201, 78599628, 78599336, 1, 195, 5, 0, -160, -1160, 6951, 40, -152, -1162, 6965, 81, -123, -1163, 6952, 121, -119, -1181, 6946, 161, -122, -1184, 6943,
10201, 78599832, 78599538, 1, 195, 5, 0, -125, -1175, 6946, 40, -145, -1185, 6960, 80, -153, -1189, 6962, 120, -161, -1172, 6957, 161, -189, -1159, 6958,
10201, 78600034, 78599739, 1, 195, 5, 0, -202, -1150, 6978, 40, -177, -1167, 6974, 80, -166, -1180, 6962, 121, -166, -1174, 6955, 161, -163, -1189, 6958,
10201, 78600238, 78599940, 1, 195, 5, 0, -179, -1209, 6937, 41, -179, -1216, 6926, 81, -198, -1221, 6930, 121, -182, -1226, 6931, 161, -170, -1244, 6924,
10201, 78600441, 78600142, 1, 195, 6, 0, -185, -1231, 6921, 40, -166, -1240, 6932, 80, -170, -1219, 6926, 121, -194, -1199, 6952, 161, -136, -1183, 6933, 201, -126, -1166, 6947,
10201, 78600643, 78600383, 1, 195, 4, 0, -134, -1157, 6955, 41, -129, -1157, 6950, 81, -100, -1157, 6933, 121, -70, -1143, 6926,
10201, 78600845, 78600545, 1, 195, 5, 0, -86, -1138, 6943, 40, -67, -1159, 6959, 80, -62, -1176, 6938, 120, -97, -1168, 6951, 161, -96, -1145, 6939,
10201, 78601047, 78600746, 1, 195, 5, 0, -133, -1145, 6941, 40, -142, -1150, 6942, 81, -148, -1128, 6952, 121, -146, -1157, 6956, 161, -145, -1163, 6969,
10201, 78601249, 78600947, 1, 195, 5, 0, -148, -1184, 6946, 41, -169, -1196, 6940, 81, -190, -1220, 6943, 121, -178, -1233, 6952, 162, -189, -1235, 6946,
10201, 78601451, 78601149, 1, 195, 5, 0, -218, -1226, 6956, 40, -211, -1230, 6958, 80, -211, -1215, 6938, 121, -212, -1218, 6923, 161, -218, -1203, 6954,
10201, 78601656, 78601350, 1, 195, 8, 0, -241, -1182, 6974, 41, -247, -1185, 6977, 81, -222, -1186, 6967, 121, -198, -1182, 6964, 161, -198, -1171, 6963, 202, -182, -1169, 6939, 242, -154, -1181, 6948, 282, -131, -1182, 6947,
10201, 78601857, 78601673, 1, 195, 5, 0, -138, -1169, 6939, 40, -123, -1170, 6943, 80, -128, -1174, 6944, 120, -133, -1151, 6958, 161, -125, -1162, 6969,
10201, 78602059, 78601874, 1, 195, 5, 0, -139, -1149, 6978, 40, -145, -1127, 6977, 80, -148, -1148, 6983, 121, -132, -1138, 6965, 161, -134, -1168, 6952,
10201, 78602261, 78602075, 1, 195, 5, 0, -144, -1159, 6959, 41, -151, -1172, 6951, 81, -151, -1174, 6945, 121, -167, -1163, 6955, 161, -163, -1168, 6971,
10201, 78602463, 78602277, 1, 195, 4, 0, -160, -1193, 6953, 40, -140, -1180, 6966, 80, -165, -1194, 6974, 121, -135, -1158, 6955,
10201, 78602667, 78602438, 1, 195, 5, 0, -145, -1178, 6955, 40, -138, -1158, 6951, 80, -122, -1169, 6964, 121, -129, -1156, 6966, 161, -129, -1185, 6964,
10201, 78602870, 78602639, 1, 195, 5, 0, -111, -1170, 6963, 41, -102, -1183, 6948, 81, -106, -1197, 6947, 121, -133, -1170, 6945, 161, -117, -1186, 6963,
10201, 78603072, 78602841, 1, 195, 5, 0, -137, -1165, 6955, 40, -135, -1166, 6944, 80, -141, -1169, 6971, 121, -161, -1163, 6986, 161, -174, -1162, 6994,
10201, 78603285, 78603042, 1, 195, 5, 0, -167, -1165, 6981, 40, -159, -1195, 6971, 81, -167, -1210, 6978, 121, -178, -1210, 6984, 161, -182, -1221, 6979,
10201, 78603488, 78603244, 1, 195, 5, 0, -185, -1239, 6966, 40, -175, -1231, 6965, 80, -178, -1228, 6968, 120, -195, -1241, 6962, 161, -207, -1245, 6955,
10201, 78603689, 78603445, 1, 195, 5, 0, -200, -1238, 6979, 40, -212, -1229, 6981, 81, -228, -1217, 6968, 121, -221, -1200, 6982, 161, -187, -1200, 6985,
10201, 78603891, 78603646, 1, 195, 5, 0, -180, -1204, 6969, 41, -172, -1203, 6985, 81, -151, -1181, 6981, 121, -133, -1201, 6985, 162, -138, -1172, 6979,
10201, 78604092, 78603848, 1, 195, 5, 0, -124, -1174, 6970, 40, -123, -1198, 6966, 80, -138, -1183, 6957, 121, -117, -1177, 6967, 161, -141, -1166, 6984,
10201, 78604297, 78604049, 1, 195, 5, 0, -153, -1181, 6995, 41, -151, -1180, 6993, 81, -138, -1160, 6974, 121, -126, -1188, 6969, 161, -110, -1199, 6968,
10201, 78604501, 78604251, 1, 195, 5, 0, -129, -1203, 6955, 40, -124, -1219, 6945, 80, -140, -1224, 6950, 120, -138, -1214, 6955, 161, -120, -1221, 6958,
10201, 78604717, 78604452, 1, 195, 5, 0, -115, -1214, 6957, 40, -135, -1216, 6942, 81, -146, -1214, 6970, 121, -120, -1217, 6962, 161, -117, -1213, 6958,
10201, 78604919, 78604653, 1, 195, 5, 0, -118, -1191, 6973, 41, -122, -1183, 6981, 81, -108, -1179, 6971, 121, -89, -1170, 6970, 162, -72, -1173, 6976,
10201, 78605121, 78604855, 1, 195, 5, 0, -77, -1154, 6985, 40, -66, -1150, 6989, 80, -73, -1148, 6982, 121, -94, -1133, 6983, 161, -102, -1136, 7015,
10201, 78605323, 78605056, 1, 195, 5, 0, -98, -1140, 7015, 41, -88, -1130, 7021, 81, -95, -1100, 7050, 121, -115, -1082, 7056, 161, -111, -1093, 7023,
10201, 78605525, 78605258, 1, 195, 5, 0, -85, -1110, 7004, 40, -81, -1134, 7005, 80, -93, -1137, 6989, 121, -102, -1128, 6990, 161, -98, -1132, 6994,
10201, 78605727, 78605459, 1, 195, 5, 0, -95, -1142, 6986, 40, -105, -1152, 6969, 81, -122, -1146, 6987, 121, -103, -1162, 6974, 161, -91, -1168, 6970,
10201, 78605929, 78605661, 1, 195, 5, 0, -90, -1173, 6980, 40, -101, -1176, 6984, 80, -120, -1174, 6983, 120, -101, -1191, 6961, 161, -93, -1189, 6972,
10201, 78606131, 78605862, 1, 195, 5, 0, -77, -1188, 6969, 40, -86, -1199, 6984, 81, -66, -1210, 6955, 121, -76, -1177, 6936, 161, -70, -1205, 6963,
10201, 78606333, 78606063, 1, 195, 4, 0, -67, -1208, 6955, 41, -73, -1218, 6955, 81, -83, -1186, 6941, 121, -67, -1196, 6972,
10201, 78606535, 78606225, 1, 195, 5, 0, -71, -1183, 6972, 40, -73, -1183, 6956, 80, -54, -1157, 6981, 120, -41, -1188, 6970, 161, -33, -1163, 6951,
10201, 78606737, 78606426, 1, 195, 5, 0, -30, -1170, 6956, 40, -21, -1181, 6950, 80, 7, -1159, 6959, 121, 53, -1159, 6964, 161, 57, -1157, 6969,
10201, 78606940, 78606627, 1, 195, 5, 0, 50, -1146, 6960, 41, 60, -1166, 6962, 81, 76, -1173, 6963, 121, 66, -1164, 6958, 161, 98, -1148, 6946,
10201, 78607142, 78606829, 1, 195, 6, 0, 89, -1161, 6951, 40, 103, -1161, 6961, 80, 129, -1165, 6966, 121, 135, -1146, 6977, 161, 150, -1113, 6989, 201, 152, -1117, 6992,
10201, 78607347, 78607070, 1, 195, 5, 0, 148, -1134, 6985, 41, 168, -1130, 6986, 81, 178, -1121, 6995, 121, 148, -1113, 7003, 162, 139, -1116, 7006,
10201, 78607550, 78607272, 1, 195, 5, 0, 160, -1107, 6997, 40, 168, -1108, 6997, 80, 127, -1090, 7000, 121, 76, -1089, 7001, 161, 86, -1096, 6989,
10201, 78607751, 78607473, 1, 195, 5, 0, 114, -1106, 6985, 41, 114, -1098, 6983, 81, 98, -1100, 6996, 121, 91, -1133, 6980, 161, 104, -1135, 6986,
10201, 78607953, 78607675, 1, 195, 5, 0, 119, -1132, 6971, 40, 75, -1137, 6978, 80, 67, -1103, 7007, 121, 75, -1109, 7017, 161, 76, -1104, 6991,
10201, 78608155, 78607876, 1, 195, 4, 0, 104, -1131, 6974, 40, 83, -1089, 6999, 81, 59, -1098, 7017, 121, 62, -1111, 6997,
10201, 78608357, 78608037, 1, 195, 5, 0, 64, -1107, 6985, 41, 92, -1110, 7016, 81, 119, -1089, 7021, 121, 129, -1090, 6993, 161, 146, -1109, 7004,
10201, 78608559, 78608239, 1, 195, 5, 0, 160, -1106, 6992, 40, 155, -1090, 7000, 80, 129, -1080, 6999, 121, 103, -1083, 7013, 161, 105, -1084, 7025,
10201, 78608760, 78608440, 1, 195, 5, 0, 101, -1057, 7025, 40, 108, -1070, 7016, 81, 87, -1067, 7010, 121, 73, -1080, 6980, 161, 58, -1085, 6980,
10201, 78608963, 78608642, 1, 195, 5, 0, 27, -1098, 6983, 40, 9, -1112, 6987, 80, 5, -1106, 6998, 120, 3, -1109, 6988, 161, -3, -1117, 6977,
10201, 78609165, 78608843, 1, 195, 8, 0, 0, -1114, 6982, 40, 1, -1114, 6986, 80, 11, -1116, 6989, 121, 10, -1121, 6994, 161, -2, -1117, 6984, 201, 24, -1103, 7002, 242, 29, -1111, 7012, 282, 19, -1099, 7006,
10201, 78609366, 78609165, 1, 195, 5, 0, 23, -1095, 7009, 40, 39, -1083, 6994, 81, 43, -1101, 6994, 121, 46, -1100, 7008, 161, 72, -1104, 6997,
10201, 78609567, 78609367, 1, 195, 5, 0, 63, -1095, 6974, 40, 71, -1113, 6980, 80, 68, -1113, 6982, 120, 75, -1090, 7008, 161, 83, -1069, 7014,
10201, 78609768, 78609568, 1, 195, 5, 0, 74, -1067, 7015, 40, 28, -1048, 7032, 81, 9, -1069, 7013, 121, 53, -1064, 7023, 161, 53, -1075, 7001,
10201, 78609970, 78609769, 1, 195, 4, 0, 56, -1101, 7008, 41, 58, -1115, 6979, 81, 39, -1112, 6966, 121, 34, -1124, 6970,
10201, 78610172, 78609931, 1, 195, 5, 0, 39, -1131, 6961, 40, 32, -1149, 6964, 80, 0, -1151, 6963, 120, 0, -1146, 6949, 161, 10, -1139, 6959,
10201, 78610374, 78610132, 1, 195, 5, 0, -5, -1147, 6961, 40, 2, -1138, 6959, 81, -1, -1132, 6966, 121, 24, -1127, 6962, 161, 34, -1111, 6977,
10201, 78610576, 78610333, 1, 195, 5, 0, 48, -1097, 6988, 41, 74, -1096, 6979, 81, 88, -1106, 6976, 121, 114, -1114, 6984, 162, 110, -1092, 6982,
10201, 78610778, 78610535, 1, 195, 6, 0, 100, -1083, 6976, 40, 89, -1097, 6985, 80, 85, -1097, 6981, 121, 95, -1086, 6974, 161, 90, -1086, 6983, 201, 91, -1082, 6986,
10201, 78610980, 78610777, 1, 195, 5, 0, 68, -1084, 6988, 40, 59, -1094, 6982, 80, 64, -1098, 6974, 120, 57, -1091, 6974, 161, 55, -1103, 6951,
10201, 78611182, 78610978, 1, 195, 5, 0, 77, -1091, 6959, 40, 73, -1110, 6959, 81, 43, -1107, 6959, 121, 44, -1115, 6946, 161, 48, -1086, 6979,
10201, 78611384, 78611179, 1, 195, 5, 0, 30, -1084, 6965, 41, 18, -1103, 6960, 81, 3, -1125, 6947, 121, 10, -1090, 6963, 161, -1, -1111, 6968,
10201, 78611587, 78611381, 1, 195, 5, 0, -23, -1110, 6945, 40, -12, -1101, 6965, 80, -17, -1106, 6951, 121, -6, -1106, 6976, 161, -11, -1117, 6955,
10201, 78611790, 78611582, 1, 195, 4, 0, -14, -1114, 6974, 40, 11, -1078, 6982, 81, -13, -1092, 6969, 121, -1, -1091, 6978,
10201, 78611992, 78611743, 1, 195, 5, 0, -42, -1084, 6966, 41, -46, -1111, 6990, 81, -73, -1086, 6993, 121, -78, -1066, 7021, 161, -91, -1081, 7013,
10201, 78612197, 78611945, 1, 195, 5, 0, -98, -1096, 7001, 40, -108, -1101, 6990, 80, -107, -1116, 6996, 121, -117, -1121, 7001, 161, -127, -1126, 6976,
10201, 78612400, 78612146, 1, 195, 5, 0, -128, -1133, 6983, 40, -112, -1133, 6975, 81, -107, -1132, 6975, 121, -110, -1134, 6972, 161, -106, -1138, 6968,
10201, 78612602, 78612348, 1, 195, 5, 0, -100, -1124, 6967, 40, -93, -1134, 6973, 80, -89, -1133, 6971, 120, -100, -1110, 6968, 161, -75, -1106, 6966,
10201, 78612813, 78612549, 1, 195, 6, 0, -66, -1102, 6967, 40, -64, -1119, 6979, 81, -66, -1132, 6977, 121, -54, -1119, 6974, 161, -40, -1118, 6951, 201, -34, -1103, 6939,
10201, 78613016, 78612791, 1, 195, 5, 0, -44, -1101, 6958, 40, -43, -1110, 6973, 80, -39, -1116, 6969, 121, -39, -1084, 6970, 161, -39, -1094, 6967,
10201, 78613218, 78612992, 1, 195, 5, 0, -59, -1089, 6972, 40, -58, -1098, 6972, 81, -61, -1096, 6971, 121, -57, -1104, 6976, 161, -39, -1118, 6965,
10201, 78613420, 78613194, 1, 195, 5, 0, -51, -1151, 6973, 40, -53, -1128, 6959, 80, -27, -1152, 6963, 120, -36, -1154, 6932, 161, -64, -1132, 6931,
10201, 78613622, 78613395, 1, 195, 4, 0, -70, -1159, 6942, 40, -57, -1163, 6971, 80, -87, -1165, 6952, 121, -81, -1166, 6941,
10201, 78613825, 78613556, 1, 195, 5, 0, -82, -1167, 6932, 40, -84, -1131, 6943, 81, -61, -1130, 6954, 121, -57, -1135, 6949, 161, -41, -1121, 6959,
10201, 78614029, 78613757, 1, 195, 5, 0, -4, -1128, 6961, 41, 9, -1132, 6949, 81, -11, -1130, 6952, 121, 0, -1139, 6962, 162, 12, -1123, 6949,
10201, 78614232, 78613959, 1, 195, 5, 0, 22, -1117, 6960, 40, 19, -1110, 6957, 80, 26, -1096, 6972, 121, 36, -1084, 6971, 161, 19, -1083, 6985,
10201, 78614434, 78614160, 1, 195, 5, 0, 11, -1091, 6980, 41, 14, -1095, 6976, 81, -1, -1090, 6975, 121, -28, -1097, 6966, 161, -35, -1113, 6967,
10201, 78614636, 78614362, 1, 195, 5, 0, -35, -1125, 6967, 40, -18, -1138, 6957, 80, -11, -1141, 6957, 121, -25, -1142, 6965, 161, -40, -1138, 6947,
10201, 78614838, 78614563, 1, 195, 5, 0, -40, -1126, 6956, 40, -33, -1124, 6965, 81, -27, -1130, 6974, 121, -41, -1132, 6976, 161, -29, -1121, 6984,
10201, 78615042, 78614765, 1, 195, 5, 0, -18, -1113, 6975, 40, -15, -1114, 6982, 80, -7, -1108, 6983, 120, -10, -1139, 6991, 161, 21, -1108, 6984,
10201, 78615244, 78614966, 1, 195, 6, 0, 18, -1130, 6978, 40, 12, -1124, 6967, 81, -4, -1108, 6985, 121, 10, -1096, 6978, 161, 11, -1111, 6982, 201, -10, -1101, 6998,
10201, 78615446, 78615208, 1, 195, 4, 0, -34, -1129, 7004, 40, -26, -1098, 6996, 80, -61, -1089, 7010, 121, -23, -1100, 7028,
10201, 78615648, 78615369, 1, 195, 5, 0, -30, -1089, 6988, 40, -53, -1085, 6992, 80, -75, -1101, 6983, 121, -51, -1108, 6987, 161, -52, -1121, 6985,
10201, 78615853, 78615570, 1, 195, 5, 0, -51, -1128, 6985, 41, -87, -1129, 6988, 81, -76, -1115, 6987, 121, -79, -1132, 6979, 161, -87, -1125, 6995,
10201, 78616060, 78615772, 1, 195, 5, 0, -81, -1147, 6993, 40, -90, -1142, 6996, 80, -95, -1131, 7018, 120, -94, -1133, 6998, 161, -94, -1130, 7008,
10201, 78616263, 78615973, 1, 195, 5, 0, -94, -1118, 7017, 40, -79, -1105, 7022, 81, -55, -1105, 7021, 121, -50, -1114, 7023, 161, -44, -1122, 7013,
10201, 78616465, 78616174, 1, 195, 5, 0, -38, -1095, 7016, 41, -45, -1096, 7020, 81, -54, -1111, 7017, 121, -74, -1107, 7019, 162, -76, -1098, 7018,
10201, 78616668, 78616376, 1, 195, 5, 0, -77, -1099, 7037, 40, -90, -1116, 7016, 80, -95, -1134, 7009, 121, -99, -1128, 7022, 161, -87, -1117, 6992,
10201, 78616872, 78616577, 1, 195, 5, 0, -87, -1146, 7001, 41, -105, -1120, 6999, 81, -85, -1147, 6994, 121, -87, -1166, 6997, 161, -97, -1152, 6992,
10201, 78617073, 78616779, 1, 195, 5, 0, -105, -1161, 6983, 40, -114, -1150, 6971, 80, -112, -1167, 6981, 121, -112, -1179, 6972, 161, -143, -1127, 7001,
10201, 78617276, 78616980, 1, 195, 4, 0, -138, -1126, 7006, 40, -104, -1148, 7001, 81, -115, -1120, 7017, 121, -147, -1114, 7028,
10201, 78617479, 78617141, 1, 195, 6, 0, -109, -1097, 7028, 41, -98, -1081, 7033, 81, -95, -1085, 7021, 121, -96, -1097, 7027, 161, -119, -1091, 7022, 202, -110, -1083, 7015,
10201, 78617681, 78617383, 1, 195, 5, 0, -100, -1087, 7022, 40, -111, -1111, 7038, 81, -136, -1102, 7030, 121, -152, -1089, 7056, 161, -163, -1112, 7058,
10201, 78617893, 78617584, 1, 195, 7, 0, -159, -1107, 7058, 41, -162, -1104, 7053, 81, -174, -1121, 7042, 121, -160, -1107, 7050, 162, -178, -1113, 7042, 202, -169, -1140, 7020, 242, -153, -1128, 7039,
10201, 78618095, 78617866, 1, 195, 5, 0, -150, -1142, 7039, 41, -123, -1147, 7035, 81, -129, -1148, 7031, 121, -143, -1154, 7028, 161, -127, -1135, 7032,
10201, 78618297, 78618068, 1, 195, 5, 0, -119, -1141, 7041, 40, -100, -1135, 7046, 80, -87, -1131, 7034, 121, -88, -1131, 7031, 161, -82, -1131, 7035,
10201, 78618499, 78618269, 1, 195, 5, 0, -50, -1133, 7042, 40, -23, -1130, 7031, 81, -27, -1107, 7043, 121, -25, -1125, 7048, 161, -16, -1124, 7049,
10201, 78618701, 78618471, 1, 195, 5, 0, -25, -1109, 7060, 40, -35, -1095, 7074, 80, -25, -1099, 7065, 120, -67, -1084, 7079, 161, -85, -1110, 7092,
10201, 78618905, 78618672, 1, 195, 5, 0, -74, -1102, 7090, 40, -119, -1106, 7105, 81, -110, -1114, 7078, 121, -144, -1123, 7058, 161, -132, -1142, 7055,
10201, 78619109, 78618873, 1, 195, 5, 0, -104, -1160, 7028, 41, -110, -1160, 7049, 81, -123, -1174, 7036, 121, -123, -1180, 7022, 162, -124, -1178, 7046,
10201, 78619310, 78619075, 1, 195, 5, 0, -133, -1169, 7035, 40, -122, -1176, 7025, 80, -108, -1146, 7060, 121, -81, -1123, 7064, 161, -64, -1143, 7042,
10201, 78619514, 78619276, 1, 195, 5, 0, -55, -1120, 7052, 41, -23, -1108, 7054, 81, -2, -1099, 7070, 121, -4, -1090, 7070, 161, 15, -1099, 7036,
10201, 78619719, 78619478, 1, 195, 5, 0, 6, -1110, 7036, 40, 17, -1125, 7049, 80, 23, -1119, 7037, 121, 22, -1098, 7027, 161, 36, -1089, 7021,
10201, 78619923, 78619679, 1, 195, 5, 0, 33, -1083, 7030, 40, 24, -1076, 7054, 81, 10, -1079, 7041, 121, 6, -1092, 7028, 161, 2, -1097, 7028,
10201, 78620125, 78619881, 1, 195, 5, 0, -16, -1100, 7024, 40, -32, -1113, 7044, 80, -22, -1114, 7035, 120, -18, -1122, 7020, 161, -26, -1125, 7017,
10201, 78620326, 78620082, 1, 195, 5, 0, -41, -1133, 7013, 40, -32, -1122, 7016, 81, -19, -1101, 7031, 121, -29, -1099, 7032, 161, -23, -1098, 7029,
10201, 78620528, 78620283, 1, 195, 5, 0, -35, -1082, 7039, 41, -53, -1082, 7046, 81, -42, -1097, 7047, 121, -65, -1084, 7058, 161, -68, -1093, 7039,
10201, 78620733, 78620485, 1, 195, 5, 0, -21, -1073, 7024, 40, -4, -1075, 7013, 80, 16, -1078, 7019, 121, 33, -1067, 7025, 161, 39, -1078, 7036,
10201, 78620940, 78620686, 1, 195, 5, 0, 45, -1050, 7031, 40, 59, -1075, 7023, 81, 54, -1046, 7018, 121, 71, -1033, 7033, 161, 43, -1034, 7063,
10201, 78621144, 78620888, 1, 195, 5, 0, 52, -1077, 7025, 40, 58, -1067, 7019, 80, 35, -1074, 7013, 120, 42, -1084, 7008, 161, 46, -1104, 7008,
10201, 78621350, 78621089, 1, 195, 5, 0, 68, -1120, 6983, 40, 45, -1132, 6982, 81, 31, -1137, 6975, 121, 11, -1146, 6979, 161, 2, -1132, 6981,
10201, 78621552, 78621290, 1, 195, 5, 0, -6, -1135, 6985, 41, -41, -1130, 7011, 81, -55, -1104, 7008, 121, -76, -1086, 7018, 162, -63, -1090, 7032,
10201, 78621756, 78621492, 1, 195, 5, 0, -60, -1087, 7029, 40, -49, -1082, 7024, 80, -31, -1064, 7025, 121, -31, -1070, 7042, 161, -13, -1075, 7033,
10201, 78621959, 78621693, 1, 195, 5, 0, -8, -1074, 7033, 41, -4, -1084, 7029, 81, -3, -1078, 7028, 121, 4, -1064, 7025, 161, 9, -1041, 7022,
10201, 78622161, 78621895, 1, 195, 5, 0, -12, -1043, 7024, 40, -21, -1036, 7050, 80, -12, -1046, 7060, 121, -17, -1053, 7053, 161, -49, -1040, 7017,
10201, 78622362, 78622096, 1, 195, 5, 0, -63, -1053, 7032, 40, -82, -1067, 7035, 81, -92, -1111, 7020, 121, -88, -1125, 7017, 161, -115, -1131, 6994,
10201, 78622565, 78622298, 1, 195, 5, 0, -126, -1137, 6986, 40, -129, -1140, 6992, 80, -114, -1150, 6993, 120, -131, -1159, 7011, 161, -118, -1168, 7009,
10201, 78622767, 78622499, 1, 195, 4, 0, -104, -1126, 7007, 40, -134, -1107, 6998, 81, -130, -1131, 6991, 121, -98, -1114, 7002,
10201, 78622971, 78622660, 1, 195, 5, 0, -89, -1102, 7020, 40, -82, -1119, 7014, 81, -45, -1109, 6986, 121, -61, -1111, 6992, 161, -42, -1121, 6994,
10201, 78623173, 78622861, 1, 195, 5, 0, -33, -1108, 6978, 41, -38, -1105, 6991, 81, -29, -1107, 6973, 121, -40, -1101, 6976, 162, -38, -1101, 6988,
10201, 78623376, 78623063, 1, 195, 6, 0, -35, -1095, 6984, 40, -57, -1098, 6990, 80, -65, -1106, 6993, 121, -65, -1111, 6983, 161, -82, -1123, 6973, 201, -98, -1136, 6976,
10201, 78623578, 78623305, 1, 195, 4, 0, -102, -1137, 6972, 40, -77, -1150, 6962, 80, -85, -1158, 6965, 120, -109, -1174, 6971,
10201, 78623780, 78623466, 1, 195, 6, 0, -132, -1177, 6977, 40, -134, -1174, 6980, 80, -129, -1161, 6976, 121, -132, -1161, 6975, 161, -140, -1171, 6981, 201, -142, -1160, 6975,
10201, 78623982, 78623707, 1, 195, 5, 0, -138, -1146, 6984, 41, -112, -1113, 7000, 81, -101, -1128, 7008, 121, -121, -1095, 6997, 162, -112, -1086, 6985,
10201, 78624184, 78623909, 1, 195, 5, 0, -92, -1091, 6988, 40, -71, -1103, 6997, 80, -56, -1104, 6996, 121, -49, -1089, 7009, 161, -53, -1082, 7017,
10201, 78624386, 78624110, 1, 195, 5, 0, -43, -1081, 7003, 41, -25, -1078, 6994, 81, -41, -1086, 7016, 121, -53, -1076, 7028, 161, -45, -1083, 7005,
10201, 78624588, 78624312, 1, 195, 4, 0, -28, -1095, 7004, 40, -23, -1101, 7004, 80, -55, -1123, 6998, 121, -23, -1114, 6967,
10201, 78624793, 78624473, 1, 195, 5, 0, -31, -1148, 6973, 40, -33, -1141, 6967, 80, -33, -1149, 6975, 121, -70, -1134, 6962, 161, -90, -1131, 6966,
10201, 78624994, 78624674, 1, 195, 5, 0, -99, -1130, 6955, 41, -73, -1136, 6980, 81, -72, -1132, 6997, 121, -72, -1111, 7005, 161, -75, -1117, 6989,
10201, 78625196, 78624876, 1, 195, 5, 0, -62, -1097, 6984, 40, -70, -1086, 6988, 80, -40, -1090, 6984, 120, -19, -1075, 7007, 161, -17, -1084, 7011,
10201, 78625398, 78625077, 1, 195, 5, 0, -22, -1095, 6997, 40, -5, -1096, 6994, 81, -1, -1097, 7000, 121, -1, -1096, 6992, 161, -33, -1085, 6986,
10201, 78625602, 78625278, 1, 195, 5, 0, -46, -1076, 6993, 41, -46, -1081, 7010, 81, -59, -1068, 7020, 121, -49, -1068, 7011, 162, -18, -1068, 7016,
10201, 78625806, 78625480, 1, 195, 8, 0, -23, -1076, 7021, 40, -30, -1080, 7020, 80, -28, -1074, 7005, 121, -14, -1078, 6996, 161, -4, -1060, 6996, 201, -34, -1113, 6974, 242, -27, -1108, 6962, 282, -29, -1107, 6971,
10201, 78626009, 78625802, 1, 195, 5, 0, -38, -1120, 6985, 40, -42, -1125, 6976, 81, -71, -1116, 7002, 121, -76, -1115, 6983, 161, -60, -1110, 6965,
10201, 78626212, 78626004, 1, 195, 4, 0, -64, -1135, 6984, 40, -57, -1119, 6977, 80, -31, -1115, 6942, 120, -3, -1081, 6985,
10201, 78626414, 78626165, 1, 195, 5, 0, -11, -1118, 6971, 40, 33, -1123, 6966, 80, 31, -1120, 6973, 121, 34, -1111, 6962, 161, 40, -1104, 6974,
10201, 78626616, 78626366, 1, 195, 6, 0, 31, -1110, 6979, 40, 53, -1097, 6999, 81, 43, -1087, 7016, 121, 7, -1058, 6993, 161, 2, -1085, 6988, 202, -3, -1099, 6994,
10201, 78626819, 78626608, 1, 195, 5, 0, -20, -1104, 6981, 40, -35, -1125, 6976, 80, -13, -1117, 6987, 121, -9, -1121, 7000, 161, 15, -1117, 6971,
10201, 78627021, 78626809, 1, 195, 5, 0, 15, -1122, 6978, 41, 25, -1126, 6985, 81, 26, -1116, 6982, 121, 15, -1114, 6973, 161, -2, -1107, 6971,
10201, 78627223, 78627011, 1, 195, 5, 0, -13, -1091, 6991, 40, -13, -1091, 6994, 80, 1, -1089, 6988, 121, 3, -1100, 6989, 161, -1, -1111, 6982,
10201, 78627425, 78627212, 1, 195, 5, 0, 35, -1086, 6978, 40, 50, -1078, 6974, 81, 41, -1080, 6971, 121, 50, -1089, 6968, 161, 52, -1099, 6962,
10201, 78627631, 78627413, 1, 195, 5, 0, 46, -1109, 6965, 41, 55, -1089, 6976, 81, 46, -1089, 6979, 121, 60, -1083, 6988, 162, 6, -1085, 6969,
10201, 78627833, 78627615, 1, 195, 5, 0, 17, -1065, 6979, 40, 25, -1083, 6985, 80, -13, -1106, 7008, 121, -20, -1084, 6993, 161, -17, -1115, 6983,
10201, 78628034, 78627816, 1, 195, 4, 0, -4, -1130, 6975, 41, -24, -1137, 6959, 81, -11, -1134, 6945, 121, -34, -1146, 6971,
10201, 78628236, 78627977, 1, 195, 5, 0, -50, -1096, 6966, 41, -39, -1118, 6971, 81, -39, -1123, 6972, 121, -40, -1110, 6987, 162, -47, -1096, 6984,
10201, 78628437, 78628179, 1, 195, 5, 0, -41, -1082, 7011, 40, -33, -1090, 7003, 80, -37, -1076, 7009, 121, -1, -1067, 6994, 161, 5, -1059, 7024,
10201, 78628639, 78628380, 1, 195, 5, 0, 11, -1069, 7004, 41, 35, -1072, 7004, 81, 32, -1077, 6983, 121, 38, -1071, 6990, 161, 43, -1067, 6989,
10201, 78628841, 78628582, 1, 195, 6, 0, 45, -1052, 6993, 40, 40, -1059, 6997, 80, 29, -1064, 6989, 121, 23, -1066, 6993, 161, 11, -1083, 6987, 201, -5, -1095, 6987,
10201, 78629043, 78628823, 1, 195, 5, 0, -15, -1091, 6989, 41, -38, -1105, 6986, 81, -47, -1114, 6973, 121, -46, -1121, 6964, 162, -63, -1138, 6951,
10201, 78629246, 78629025, 1, 195, 5, 0, -71, -1134, 6963, 40, -79, -1117, 6968, 80, -68, -1121, 6976, 121, -89, -1130, 6978, 161, -74, -1114, 6976,
10201, 78629448, 78629226, 1, 195, 5, 0, -74, -1090, 7000, 41, -81, -1094, 7011, 81, -68, -1076, 6995, 121, -52, -1065, 7011, 161, -66, -1064, 7017,
10201, 78629650, 78629428, 1, 195, 5, 0, -54, -1052, 6997, 40, 1, -1054, 7002, 80, 14, -1063, 7016, 121, 14, -1069, 7017, 161, 6, -1082, 6981,
10201, 78629851, 78629629, 1, 195, 4, 0, 16, -1057, 6982, 40, 6, -1088, 7008, 81, 11, -1062, 7004, 121, 11, -1072, 7009,
10201, 78630052, 78629790, 1, 195, 5, 0, -9, -1042, 7012, 40, -33, -1072, 6998, 81, -18, -1073, 6993, 121, -28, -1083, 6998, 161, -30, -1081, 6998,
10201, 78630255, 78629992, 1, 195, 5, 0, -19, -1087, 7010, 40, -15, -1093, 6994, 80, -22, -1102, 6979, 120, -24, -1113, 6968, 161, -33, -1128, 6977,
10201, 78630458, 78630193, 1, 195, 5, 0, -39, -1098, 6981, 40, -35, -1099, 6975, 81, -43, -1093, 6986, 121, -34, -1077, 6988, 161, -52, -1086, 7021,
10201, 78630659, 78630394, 1, 195, 5, 0, -60, -1077, 7013, 41, -36, -1077, 6987, 81, -24, -1073, 7007, 121, -6, -1069, 7024, 162, 17, -1065, 7017,
10201, 78630862, 78630596, 1, 195, 5, 0, 31, -1074, 7011, 40, 50, -1081, 6988, 80, 38, -1088, 6986, 121, 24, -1067, 6991, 161, 22, -1065, 6991,
10201, 78631063, 78630797, 1, 195, 6, 0, 13, -1069, 6993, 41, 10, -1069, 6995, 81, 4, -1058, 7012, 121, 0, -1053, 7027, 161, 2, -1061, 7018, 202, 3, -1068, 7001,
10201, 78631265, 78631039, 1, 195, 5, 0, -7, -1076, 7013, 40, -3, -1086, 7000, 81, -8, -1119, 6973, 121, -29, -1129, 6970, 161, 9, -1122, 6969,
10201, 78631468, 78631240, 1, 195, 5, 0, 4, -1127, 6980, 41, -55, -1126, 6984, 81, -55, -1111, 6975, 121, -46, -1097, 6972, 162, -35, -1121, 6966,
10201, 78631669, 78631442, 1, 195, 4, 0, -34, -1091, 6991, 40, -79, -1065, 7026, 80, -70, -1064, 7007, 121, -45, -1078, 7015,
10201, 78631870, 78631603, 1, 195, 5, 0, -39, -1067, 7015, 40, -29, -1076, 7006, 80, 6, -1085, 6987, 121, 18, -1105, 6982, 161, 31, -1094, 6981,
10201, 78632071, 78631804, 1, 195, 5, 0, 29, -1104, 6995, 41, 14, -1074, 6990, 81, 3, -1089, 7002, 121, 16, -1103, 7000, 161, 22, -1068, 7009,
10201, 78632272, 78632006, 1, 195, 5, 0, 19, -1090, 6992, 40, 10, -1089, 6999, 80, -7, -1105, 7001, 121, -14, -1112, 6995, 161, -40, -1118, 6983,
10201, 78632473, 78632207, 1, 195, 5, 0, -38, -1124, 6987, 40, -27, -1123, 6988, 81, -27, -1126, 6990, 121, -24, -1141, 6993, 161, -15, -1114, 6980,
10201, 78632674, 78632409, 1, 195, 5, 0, -25, -1107, 6973, 40, -28, -1112, 6984, 80, -49, -1099, 6994, 120, -54, -1082, 6992, 161, -43, -1086, 7006,
10201, 78632876, 78632610, 1, 195, 5, 0, -16, -1101, 7001, 40, 1, -1100, 7003, 81, 6, -1084, 7002, 121, 3, -1084, 6997, 161, -2, -1091, 7004,
10201, 78633077, 78632811, 1, 195, 5, 0, 19, -1098, 7005, 41, 32, -1096, 6996, 81, 25, -1099, 6989, 121, 5, -1096, 6984, 162, 11, -1088, 6980,
10201, 78633278, 78633013, 1, 195, 5, 0, 18, -1100, 6997, 40, 27, -1073, 7012, 80, -5, -1062, 7005, 121, -4, -1088, 7001, 161, 12, -1087, 7006,
10201, 78633479, 78633214, 1, 195, 5, 0, -9, -1084, 7004, 41, -19, -1076, 6996, 81, -33, -1072, 6993, 121, -25, -1097, 7006, 161, -20, -1115, 6969,
10201, 78633680, 78633416, 1, 195, 4, 0, -17, -1128, 6966, 40, -31, -1115, 6969, 80, -31, -1115, 6974, 121, -43, -1113, 6979,
10201, 78633882, 78633577, 1, 195, 6, 0, -46, -1102, 6977, 40, -35, -1091, 6996, 80, -26, -1091, 7003, 121, -29, -1108, 7010, 161, -28, -1087, 6995, 201, -19, -1067, 7010,
10201, 78634083, 78633818, 1, 195, 5, 0, -22, -1073, 6992, 41, -7, -1082, 6989, 81, -9, -1080, 7006, 121, -34, -1091, 6990, 162, -5, -1115, 6969,
10201, 78634286, 78634020, 1, 195, 5, 0, -2, -1123, 6973, 40, -38, -1108, 6987, 80, -78, -1104, 6978, 121, -82, -1102, 6987, 161, -79, -1093, 7016,
10201, 78634487, 78634221, 1, 195, 5, 0, -98, -1091, 7031, 41, -94, -1108, 7022, 81, -87, -1118, 7006, 121, -98, -1116, 7002, 161, -106, -1109, 6980,
10201, 78634689, 78634423, 1, 195, 5, 0, -99, -1124, 6993, 40, -99, -1121, 6985, 80, -87, -1123, 6963, 121, -78, -1147, 6971, 161, -94, -1142, 6977,
10201, 78634891, 78634624, 1, 195, 5, 0, -105, -1142, 6977, 40, -111, -1130, 6992, 81, -87, -1127, 6994, 121, -102, -1127, 6999, 161, -98, -1106, 7012,
10201, 78635094, 78634826, 1, 195, 5, 0, -75, -1094, 7012, 40, -103, -1097, 6998, 80, -81, -1079, 7000, 120, -68, -1092, 7018, 161, -45, -1087, 6998,
10201, 78635296, 78635027, 1, 195, 4, 0, -65, -1094, 6988, 40, -59, -1082, 7005, 81, -48, -1086, 7001, 121, -48, -1086, 6991,
10201, 78635498, 78635188, 1, 195, 5, 0, -42, -1098, 7006, 40, -52, -1094, 6994, 81, -86, -1069, 7021, 121, -125, -1116, 7039, 161, -140, -1094, 7011,
10201, 78635700, 78635390, 1, 195, 5, 0, -118, -1106, 7038, 40, -127, -1107, 7011, 80, -149, -1114, 7022, 120, -144, -1136, 7011, 161, -121, -1130, 6982,
10201, 78635903, 78635591, 1, 195, 5, 0, -113, -1134, 6985, 40, -120, -1146, 6987, 81, -135, -1179, 6976, 121, -156, -1165, 6993, 161, -145, -1150, 6988,
10201, 78636106, 78635792, 1, 195, 5, 0, -143, -1141, 6994, 41, -148, -1133, 6998, 81, -143, -1138, 6998, 121, -127, -1128, 7011, 162, -124, -1121, 7012,
10201, 78636308, 78635994, 1, 195, 5, 0, -104, -1099, 7011, 40, -109, -1089, 7017, 80, -98, -1092, 7007, 121, -74, -1096, 6989, 161, -76, -1107, 6985,
10201, 78636513, 78636195, 1, 195, 6, 0, -89, -1113, 6989, 40, -97, -1093, 6989, 81, -105, -1105, 6994, 121, -108, -1104, 6997, 161, -112, -1100, 7004, 202, -121, -1105, 7008,
10201, 78636714, 78636437, 1, 195, 5, 0, -145, -1120, 7007, 40, -144, -1120, 7012, 80, -144, -1139, 7027, 121, -154, -1133, 7010, 161, -170, -1146, 7000,
10201, 78636941, 78636638, 1, 195, 5, 0, -156, -1170, 7003, 41, -165, -1160, 6991, 81, -202, -1171, 6983, 121, -195, -1186, 6975, 161, -226, -1205, 6986,
10201, 78637148, 78636840, 1, 195, 6, 0, -225, -1182, 7027, 40, -219, -1174, 7015, 80, -269, -1187, 7017, 121, -224, -1202, 7025, 161, -233, -1171, 7002, 201, -238, -1171, 7028,
10201, 78637351, 78637081, 1, 195, 5, 0, -238, -1157, 7021, 41, -190, -1156, 7041, 81, -183, -1147, 7033, 121, -188, -1136, 7027, 162, -186, -1160, 7018,
10201, 78637553, 78637283, 1, 195, 5, 0, -173, -1132, 7018, 40, -172, -1149, 7009, 80, -180, -1151, 7023, 121, -191, -1153, 7036, 161, -187, -1126, 7011,
10201, 78637755, 78637484, 1, 195, 6, 0, -208, -1115, 7033, 41, -230, -1139, 7057, 81, -219, -1153, 7047, 121, -219, -1148, 7049, 161, -232, -1156, 7034, 202, -218, -1174, 6999,
10201, 78637957, 78637726, 1, 195, 5, 0, -212, -1190, 6993, 40, -211, -1186, 7002, 81, -223, -1186, 7016, 121, -228, -1198, 7026, 161, -241, -1196, 7031,
10201, 78638160, 78637927, 1, 195, 5, 0, -233, -1189, 7018, 41, -253, -1184, 7031, 81, -276, -1187, 7058, 121, -265, -1201, 7056, 162, -234, -1180, 7054,
10201, 78638363, 78638129, 1, 195, 5, 0, -233, -1163, 7061, 40, -239, -1153, 7065, 80, -227, -1160, 7037, 121, -205, -1169, 7007, 161, -176, -1157, 7015,
10201, 78638565, 78638330, 1, 195, 5, 0, -181, -1164, 7000, 41, -207, -1168, 7010, 81, -218, -1173, 7019, 121, -232, -1151, 7020, 161, -217, -1141, 7025,
10201, 78638767, 78638532, 1, 195, 5, 0, -201, -1177, 7028, 40, -228, -1177, 7042, 80, -228, -1161, 7034, 120, -251, -1168, 7026, 161, -255, -1181, 7028,
10201, 78638969, 78638733, 1, 195, 4, 0, -252, -1202, 7020, 40, -235, -1197, 7009, 81, -250, -1216, 7012, 121, -255, -1250, 7008,
10201, 78639172, 78638894, 1, 195, 5, 0, -257, -1250, 7026, 40, -283, -1245, 6996, 81, -281, -1252, 7003, 121, -281, -1243, 7036, 161, -271, -1236, 7013,
10201, 78639374, 78639096, 1, 195, 5, 0, -280, -1229, 7010, 40, -257, -1201, 7028, 80, -232, -1172, 7033, 120, -231, -1162, 7025, 161, -198, -1140, 7029,
10201, 78639576, 78639297, 1, 195, 5, 0, -169, -1116, 7019, 40, -161, -1136, 7009, 81, -158, -1135, 7012, 121, -160, -1140, 7015, 161, -157, -1151, 7003,
10201, 78639778, 78639498, 1, 195, 6, 0, -160, -1131, 6994, 41, -176, -1139, 7020, 81, -167, -1141, 7039, 121, -179, -1136, 7032, 162, -201, -1133, 7032, 202, -194, -1140, 7039,
10201, 78639979, 78639740, 1, 195, 5, 0, -220, -1142, 7036, 40, -241, -1144, 7034, 81, -233, -1153, 7031, 121, -225, -1163, 7007, 161, -215, -1167, 6995,
10201, 78640181, 78639942, 1, 195, 4, 0, -216, -1182, 6987, 40, -241, -1198, 6997, 80, -260, -1198, 7026, 120, -253, -1215, 6998,
10201, 78640384, 78640103, 1, 195, 6, 0, -247, -1195, 6995, 40, -245, -1163, 7008, 80, -261, -1159, 7037, 121, -246, -1167, 7046, 161, -220, -1147, 7036, 201, -206, -1138, 7033,
10201, 78640587, 78640344, 1, 195, 5, 0, -197, -1145, 7031, 41, -189, -1108, 7028, 81, -167, -1093, 7003, 121, -132, -1105, 7014, 162, -129, -1128, 6983,
10201, 78640789, 78640546, 1, 195, 4, 0, -137, -1132, 7001, 40, -151, -1123, 7009, 80, -173, -1100, 7009, 121, -157, -1091, 7013,
10201, 78640991, 78640707, 1, 195, 5, 0, -197, -1074, 7037, 40, -215, -1095, 7044, 80, -233, -1103, 7063, 121, -214, -1125, 7022, 161, -218, -1132, 7030,
10201, 78641193, 78640908, 1, 195, 5, 0, -214, -1124, 7025, 41, -205, -1138, 7009, 81, -194, -1137, 7006, 121, -203, -1154, 7002, 161, -222, -1163, 6998,
10201, 78641395, 78641110, 1, 195, 5, 0, -223, -1164, 6991, 40, -232, -1159, 6986, 80, -215, -1163, 7000, 121, -208, -1165, 6999, 161, -211, -1141, 6996,
10201, 78641600, 78641311, 1, 195, 5, 0, -215, -1136, 7010, 40, -214, -1143, 7020, 81, -206, -1129, 7021, 121, -199, -1109, 7012, 161, -196, -1118, 7015,
10201, 78641803, 78641513, 1, 195, 5, 0, -176, -1126, 7009, 40, -163, -1114, 7002, 80, -153, -1101, 6992, 120, -153, -1105, 6983, 161, -173, -1122, 6988,
10201, 78642006, 78641714, 1, 195, 6, 0, -169, -1121, 6991, 40, -159, -1110, 6997, 81, -165, -1114, 6998, 121, -198, -1107, 7016, 161, -210, -1120, 7027, 201, -217, -1120, 7030,
10201, 78642208, 78641956, 1, 195, 5, 0, -234, -1128, 7025, 40, -229, -1140, 7014, 80, -236, -1138, 7003, 121, -221, -1173, 6990, 161, -197, -1177, 6976,
10201, 78642410, 78642157, 1, 195, 5, 0, -213, -1172, 7003, 40, -213, -1189, 6984, 81, -221, -1157, 6975, 121, -219, -1157, 6987, 161, -199, -1138, 7001,
10201, 78642612, 78642359, 1, 195, 4, 0, -205, -1126, 7017, 40, -240, -1145, 7004, 80, -215, -1115, 7008, 120, -204, -1126, 7033,
10201, 78642814, 78642520, 1, 195, 5, 0, -192, -1116, 7021, 40, -204, -1107, 7025, 80, -174, -1113, 7018, 121, -159, -1106, 6985, 161, -159, -1120, 6983,
10201, 78643017, 78642721, 1, 195, 5, 0, -180, -1122, 6979, 40, -183, -1142, 7011, 81, -189, -1141, 7009, 121, -208, -1138, 7011, 161, -230, -1118, 7016,
10201, 78643221, 78642923, 1, 195, 5, 0, -249, -1124, 7019, 40, -266, -1129, 7027, 80, -242, -1150, 7022, 120, -241, -1153, 7032, 161, -261, -1156, 7012,
10201, 78643424, 78643124, 1, 195, 5, 0, -246, -1175, 6994, 40, -255, -1188, 7002, 80, -277, -1186, 6997, 121, -291, -1185, 6990, 161, -307, -1201, 6997,
10201, 78643626, 78643325, 1, 195, 5, 0, -302, -1199, 6998, 41, -295, -1193, 6998, 81, -300, -1171, 6998, 121, -299, -1157, 7008, 161, -294, -1146, 7018,
10201, 78643828, 78643527, 1, 195, 5, 0, -295, -1107, 7023, 40, -271, -1078, 7029, 80, -252, -1086, 7018, 121, -222, -1096, 7016, 161, -196, -1100, 6995,
10201, 78644030, 78643728, 1, 195, 5, 0, -174, -1088, 6988, 40, -175, -1081, 6981, 81, -190, -1058, 6975, 121, -189, -1071, 6974, 161, -218, -1068, 6981,
10201, 78644232, 78643930, 1, 195, 5, 0, -212, -1064, 6985, 40, -220, -1039, 6999, 80, -269, -1069, 7018, 120, -272, -1043, 7002, 161, -248, -1055, 6988,
10201, 78644434, 78644131, 1, 195, 5, 0, -279, -1094, 6956, 40, -278, -1087, 6969, 81, -297, -1118, 6970, 121, -284, -1142, 6910, 161, -303, -1120, 6932,
10201, 78644638, 78644332, 1, 195, 5, 0, -306, -1151, 6907, 41, -339, -1150, 6909, 81, -334, -1163, 6909, 121, -338, -1182, 6908, 162, -342, -1188, 6919,
10201, 78644842, 78644534, 1, 195, 7, 0, -334, -1163, 6934, 40, -343, -1163, 6918, 80, -336, -1156, 6925, 121, -337, -1147, 6918, 161, -317, -1140, 6921, 201, -258, -1142, 6919, 242, -253, -1139, 6907,
10201, 78645046, 78644816, 1, 195, 5, 0, -258, -1149, 6906, 40, -246, -1134, 6926, 80, -253, -1120, 6933, 121, -252, -1128, 6939, 161, -243, -1127, 6954,
10201, 78645250, 78645017, 1, 195, 5, 0, -261, -1122, 6969, 41, -287, -1108, 6981, 81, -264, -1108, 6981, 121, -257, -1118, 6991, 161, -280, -1121, 6979,
10201, 78645455, 78645219, 1, 195, 5, 0, -283, -1134, 6963, 40, -275, -1130, 6956, 80, -272, -1145, 6959, 120, -287, -1164, 6963, 161, -285, -1156, 6965,
10201, 78645657, 78645420, 1, 195, 6, 0, -309, -1157, 6983, 40, -318, -1172, 6967, 81, -313, -1181, 6966, 121, -326, -1176, 6987, 161, -331, -1156, 6967, 201, -345, -1165, 6965,
10201, 78645860, 78645662, 1, 195, 5, 0, -334, -1145, 6988, 40, -331, -1135, 6988, 80, -343, -1132, 6966, 121, -355, -1127, 6973, 161, -338, -1102, 6967,
10201, 78646064, 78645863, 1, 195, 4, 0, -310, -1122, 6956, 40, -319, -1085, 6981, 81, -300, -1098, 6969, 121, -325, -1084, 6956,
10201, 78646266, 78646024, 1, 195, 5, 0, -339, -1092, 6990, 41, -350, -1103, 6985, 81, -348, -1103, 6989, 121, -349, -1130, 7009, 161, -361, -1133, 7008,
10201, 78646468, 78646226, 1, 195, 5, 0, -357, -1113, 6980, 40, -359, -1141, 6981, 80, -334, -1173, 6975, 121, -348, -1175, 6968, 161, -357, -1195, 6956,
10201, 78646672, 78646427, 1, 195, 5, 0, -342, -1214, 6931, 40, -339, -1209, 6930, 81, -332, -1231, 6945, 121, -335, -1243, 6935, 161, -329, -1236, 6937,
10201, 78646876, 78646629, 1, 195, 5, 0, -328, -1250, 6935, 40, -338, -1251, 6939, 80, -331, -1230, 6955, 120, -332, -1229, 6952, 161, -324, -1224, 6948,
10201, 78647077, 78646830, 1, 195, 5, 0, -304, -1220, 6959, 40, -296, -1209, 6970, 81, -299, -1213, 6973, 121, -283, -1217, 6976, 161, -261, -1219, 6985,
10201, 78647279, 78647031, 1, 195, 5, 0, -262, -1221, 6981, 41, -275, -1225, 6986, 81, -299, -1216, 6993, 121, -289, -1227, 7000, 162, -277, -1228, 6993,
10201, 78647481, 78647233, 1, 195, 5, 0, -293, -1235, 7001, 40, -273, -1245, 6981, 80, -238, -1256, 6988, 121, -239, -1250, 7014, 161, -257, -1259, 7009,
10201, 78647685, 78647434, 1, 195, 5, 0, -229, -1252, 7002, 41, -207, -1269, 6987, 81, -197, -1251, 6978, 121, -199, -1270, 6984, 161, -194, -1268, 6975,
10201, 78647889, 78647636, 1, 195, 4, 0, -199, -1272, 6994, 40, -173, -1251, 6970, 80, -182, -1267, 6974, 120, -171, -1256, 6974,
10201, 78648092, 78647797, 1, 195, 5, 0, -168, -1236, 6998, 40, -175, -1241, 6989, 80, -193, -1224, 7004, 121, -148, -1221, 7005, 161, -181, -1239, 7011,
10201, 78648294, 78647998, 1, 195, 6, 0, -197, -1219, 6988, 40, -194, -1218, 6994, 81, -165, -1226, 7007, 121, -161, -1227, 6989, 161, -142, -1242, 6999, 202, -133, -1226, 6981,
10201, 78648495, 78648240, 1, 195, 5, 0, -143, -1227, 6984, 40, -139, -1217, 7005, 80, -141, -1209, 7003, 121, -131, -1210, 7011, 161, -145, -1212, 7033,
10201, 78648698, 78648441, 1, 195, 5, 0, -150, -1195, 7017, 41, -151, -1180, 7005, 81, -158, -1171, 6994, 121, -154, -1182, 6999, 161, -153, -1200, 6984,
10201, 78648911, 78648643, 1, 195, 5, 0, -154, -1208, 6990, 40, -166, -1202, 7009, 80, -164, -1198, 7005, 121, -152, -1198, 7000, 161, -157, -1201, 7006,
10201, 78649114, 78648844, 1, 195, 5, 0, -161, -1211, 6985, 40, -155, -1214, 6984, 81, -159, -1187, 6989, 121, -159, -1178, 6984, 161, -139, -1182, 6988,
10201, 78649317, 78649046, 1, 195, 5, 0, -140, -1186, 6994, 40, -116, -1165, 6994, 80, -122, -1172, 6991, 120, -140, -1181, 6986, 161, -121, -1178, 6989,
10201, 78649520, 78649247, 1, 195, 5, 0, -120, -1177, 6972, 40, -108, -1174, 6985, 81, -133, -1191, 6985, 121, -122, -1158, 6985, 161, -136, -1201, 6980,
10201, 78649722, 78649448, 1, 195, 4, 0, -124, -1160, 6992, 41, -123, -1168, 6998, 81, -121, -1182, 6990, 121, -123, -1174, 7004,
10201, 78649923, 78649610, 1, 195, 5, 0, -146, -1185, 7003, 40, -142, -1171, 6990, 80, -129, -1173, 6993, 120, -130, -1162, 6989, 161, -159, -1181, 6982,
10201, 78650125, 78649811, 1, 195, 5, 0, -155, -1170, 6998, 40, -140, -1179, 6997, 80, -142, -1184, 6992, 121, -151, -1224, 6985, 161, -160, -1206, 6972,
10201, 78650328, 78650012, 1, 195, 5, 0, -165, -1190, 6999, 41, -173, -1187, 6996, 81, -181, -1183, 6994, 121, -188, -1184, 7012, 161, -191, -1195, 7004,
10201, 78650529, 78650214, 1, 195, 6, 0, -190, -1191, 7011, 40, -187, -1190, 6993, 80, -177, -1202, 6981, 121, -193, -1212, 6976, 161, -212, -1220, 6987, 201, -230, -1208, 7003,
10201, 78650731, 78650455, 1, 195, 5, 0, -210, -1191, 7009, 41, -196, -1174, 7007, 81, -194, -1164, 7023, 121, -201, -1160, 7033, 162, -214, -1146, 7027,
10201, 78650933, 78650657, 1, 195, 5, 0, -206, -1155, 7019, 40, -208, -1171, 7036, 80, -211, -1172, 7034, 121, -220, -1173, 7023, 161, -228, -1174, 7024,
10201, 78651135, 78650858, 1, 195, 5, 0, -224, -1188, 7027, 41, -245, -1179, 7022, 81, -241, -1198, 7022, 121, -247, -1201, 7018, 161, -254, -1195, 7022,
10201, 78651336, 78651060, 1, 195, 5, 0, -205, -1172, 7002, 40, -237, -1180, 7019, 80, -234, -1162, 7042, 121, -212, -1175, 7025, 161, -197, -1174, 7005,
10201, 78651538, 78651261, 1, 195, 4, 0, -191, -1141, 6999, 40, -171, -1143, 7023, 81, -188, -1148, 7007, 121, -176, -1159, 6996,
10201, 78651740, 78651422, 1, 195, 5, 0, -166, -1138, 7018, 41, -178, -1153, 7029, 81, -160, -1172, 6999, 121, -187, -1161, 7007, 161, -198, -1187, 7030,
10201, 78651942, 78651624, 1, 195, 5, 0, -179, -1155, 7023, 40, -210, -1145, 7013, 80, -217, -1142, 7027, 121, -199, -1144, 7023, 161, -199, -1161, 7021,
10201, 78652144, 78651825, 1, 195, 5, 0, -195, -1148, 7014, 40, -184, -1150, 6998, 81, -183, -1162, 6993, 121, -183, -1166, 7002, 161, -176, -1166, 6993,
10201, 78652361, 78652027, 1, 195, 6, 0, -180, -1171, 6995, 40, -181, -1177, 6984, 80, -158, -1175, 6989, 120, -144, -1163, 6986, 161, -148, -1149, 6982, 201, -160, -1146, 6988,
10201, 78652567, 78652268, 1, 195, 7, 0, -151, -1145, 6996, 40, -149, -1137, 7003, 81, -156, -1138, 7000, 121, -158, -1136, 6996, 161, -152, -1133, 6998, 202, -166, -1150, 7005, 242, -178, -1151, 7005,
10201, 78652770, 78652550, 1, 195, 5, 0, -198, -1153, 6989, 40, -200, -1177, 7005, 81, -204, -1177, 6995, 121, -189, -1184, 7006, 161, -189, -1160, 7014,
10201, 78652973, 78652752, 1, 195, 5, 0, -199, -1147, 7023, 40, -188, -1137, 7017, 80, -185, -1153, 7015, 120, -187, -1136, 7003, 161, -178, -1142, 7016,
10201, 78653175, 78652953, 1, 195, 5, 0, -184, -1140, 7015, 40, -177, -1163, 6978, 81, -179, -1152, 6982, 121, -193, -1143, 7006, 161, -196, -1151, 7020,
10201, 78653376, 78653154, 1, 195, 4, 0, -174, -1179, 7035, 41, -178, -1152, 6998, 81, -158, -1161, 6994, 121, -177, -1140, 7017,
10201, 78653578, 78653316, 1, 195, 5, 0, -174, -1163, 7013, 40, -151, -1141, 6978, 80, -172, -1128, 7006, 120, -153, -1128, 6989, 161, -127, -1136, 6986,
10201, 78653780, 78653517, 1, 195, 6, 0, -142, -1125, 7004, 40, -134, -1149, 6997, 81, -149, -1151, 6979, 121, -151, -1175, 6989, 161, -149, -1175, 6981, 201, -157, -1170, 6991,
10201, 78653981, 78653759, 1, 195, 5, 0, -177, -1159, 7003, 40, -183, -1140, 7010, 80, -185, -1132, 7025, 121, -192, -1131, 7023, 161, -188, -1128, 7024,
10201, 78654183, 78653960, 1, 195, 5, 0, -174, -1123, 7018, 40, -175, -1119, 7005, 81, -172, -1133, 6997, 121, -168, -1163, 6979, 161, -161, -1176, 6982,
10201, 78654386, 78654162, 1, 195, 5, 0, -180, -1153, 6993, 40, -196, -1151, 7013, 80, -193, -1159, 7001, 120, -192, -1159, 6993, 161, -176, -1166, 7001,
10201, 78654588, 78654363, 1, 195, 5, 0, -203, -1149, 6989, 40, -197, -1146, 7003, 81, -173, -1142, 7018, 121, -179, -1107, 7014, 161, -171, -1117, 7006,
10201, 78654791, 78654564, 1, 195, 5, 0, -159, -1137, 7004, 41, -136, -1133, 6993, 81, -115, -1144, 6988, 121, -152, -1126, 6992, 161, -149, -1136, 6981,
10201, 78654993, 78654766, 1, 195, 4, 0, -174, -1132, 6979, 40, -158, -1145, 6987, 80, -171, -1143, 7017, 121, -171, -1115, 7007,
10201, 78655195, 78654927, 1, 195, 5, 0, -199, -1104, 7028, 40, -191, -1146, 7005, 80, -192, -1151, 7020, 121, -216, -1145, 7015, 161, -190, -1138, 7014,
10201, 78655398, 78655128, 1, 195, 5, 0, -203, -1152, 6984, 41, -195, -1180, 6976, 81, -217, -1180, 6974, 121, -212, -1182, 6990, 161, -229, -1195, 7001,
10201, 78655604, 78655330, 1, 195, 5, 0, -217, -1193, 6998, 40, -219, -1173, 6991, 80, -229, -1170, 7005, 121, -242, -1165, 7010, 161, -232, -1155, 7002,
10201, 78655806, 78655531, 1, 195, 5, 0, -223, -1155, 7005, 40, -203, -1164, 6995, 81, -194, -1172, 6992, 121, -185, -1184, 6995, 161, -189, -1175, 6988,
10201, 78656008, 78655733, 1, 195, 5, 0, -183, -1159, 6976, 40, -197, -1167, 6973, 80, -198, -1175, 6986, 120, -188, -1174, 6984, 161, -200, -1196, 6992,
10201, 78656211, 78655934, 1, 195, 5, 0, -212, -1190, 6993, 40, -205, -1179, 6984, 81, -213, -1182, 6992, 121, -225, -1161, 6996, 161, -236, -1147, 7016,
10201, 78656413, 78656135, 1, 195, 6, 0, -214, -1150, 7018, 41, -216, -1161, 7028, 81, -203, -1147, 7020, 121, -173, -1155, 6996, 162, -152, -1160, 6978, 202, -151, -1162, 6972,
10201, 78656616, 78656377, 1, 195, 5, 0, -142, -1158, 6980, 40, -145, -1129, 6982, 81, -153, -1150, 6980, 121, -129, -1154, 6965, 161, -113, -1162, 6946,
10201, 78656822, 78656579, 1, 195, 5, 0, -117, -1147, 6934, 40, -139, -1146, 6981, 80, -121, -1170, 6969, 120, -134, -1157, 6982, 161, -121, -1154, 6953,
10201, 78657024, 78656780, 1, 195, 4, 0, -125, -1182, 6968, 40, -100, -1184, 6947, 80, -123, -1201, 6940, 121, -102, -1217, 6928,
10201, 78657226, 78656941, 1, 195, 5, 0, -137, -1221, 6947, 40, -138, -1217, 6944, 81, -166, -1218, 6933, 121, -143, -1200, 6946, 161, -158, -1192, 6958,
10201, 78657444, 78657142, 1, 195, 5, 0, -176, -1192, 6987, 41, -175, -1185, 6988, 81, -182, -1188, 6981, 121, -183, -1190, 6987, 162, -180, -1191, 6982,
10201, 78657647, 78657344, 1, 195, 5, 0, -186, -1208, 6988, 40, -180, -1207, 6980, 80, -198, -1206, 6974, 121, -206, -1200, 6980, 161, -221, -1193, 6987,
10201, 78657849, 78657545, 1, 195, 5, 0, -211, -1207, 6998, 41, -198, -1206, 6989, 81, -192, -1177, 6989, 121, -176, -1166, 7001, 161, -159, -1171, 6995,
10201, 78658051, 78657747, 1, 195, 5, 0, -165, -1181, 6981, 40, -179, -1169, 6992, 80, -156, -1158, 6989, 121, -129, -1179, 7000, 161, -148, -1177, 6996,
10201, 78658253, 78657948, 1, 195, 5, 0, -144, -1187, 6983, 40, -127, -1183, 6970, 81, -140, -1171, 6999, 121, -169, -1179, 7003, 161, -168, -1182, 6980,
10201, 78658456, 78658150, 1, 195, 5, 0, -168, -1199, 7016, 40, -164, -1151, 7012, 80, -165, -1147, 7007, 120, -153, -1166, 7023, 161, -171, -1153, 7025,
10201, 78658658, 78658351, 1, 195, 5, 0, -161, -1143, 7018, 40, -149, -1175, 6986, 81, -149, -1144, 7000, 121, -132, -1199, 7001, 161, -162, -1185, 7009,
10201, 78658859, 78658552, 1, 195, 5, 0, -154, -1172, 7012, 41, -163, -1191, 7013, 81, -166, -1190, 7002, 121, -150, -1175, 7038, 162, -160, -1161, 7032,
10201, 78659063, 78658754, 1, 195, 5, 0, -165, -1167, 7027, 40, -178, -1164, 7042, 80, -164, -1172, 7059, 121, -145, -1182, 7024, 161, -127, -1156, 7027,
10201, 78659267, 78658955, 1, 195, 7, 0, -112, -1149, 7025, 41, -114, -1159, 7021, 81, -125, -1161, 7011, 121, -136, -1176, 7018, 161, -147, -1195, 7029, 202, -170, -1164, 7035, 242, -159, -1163, 7031,
10201, 78659469, 78659237, 1, 195, 6, 0, -169, -1161, 7034, 40, -176, -1158, 7051, 81, -191, -1161, 7052, 121, -194, -1168, 7049, 161, -204, -1164, 7067, 202, -198, -1161, 7061,
10201, 78659672, 78659479, 1, 195, 4, 0, -194, -1186, 7033, 40, -209, -1200, 7018, 80, -193, -1218, 7040, 121, -198, -1221, 7033,
10201, 78659876, 78659640, 1, 195, 6, 0, -211, -1217, 7027, 40, -223, -1232, 7014, 81, -208, -1235, 7018, 121, -209, -1227, 7036, 161, -221, -1204, 7042, 201, -252, -1169, 7056,
10201, 78660079, 78659882, 1, 195, 5, 0, -223, -1189, 7067, 40, -204, -1196, 7060, 80, -197, -1169, 7036, 121, -211, -1167, 7035, 161, -201, -1186, 7039,
10201, 78660282, 78660083, 1, 195, 5, 0, -192, -1201, 7046, 40, -188, -1189, 7010, 81, -191, -1174, 7025, 121, -191, -1195, 7015, 161, -221, -1216, 7023,
10201, 78660487, 78660285, 1, 195, 4, 0, -227, -1182, 7018, 40, -235, -1168, 7047, 80, -232, -1146, 7053, 120, -224, -1199, 7021,
10201, 78660689, 78660446, 1, 195, 5, 0, -220, -1163, 7035, 40, -236, -1166, 7031, 80, -219, -1172, 7044, 121, -191, -1187, 7025, 161, -188, -1170, 7017,
10201, 78660893, 78660647, 1, 195, 5, 0, -181, -1180, 7010, 40, -203, -1194, 7022, 81, -215, -1196, 7019, 121, -213, -1192, 7017, 161, -214, -1183, 7014,
10201, 78661096, 78660849, 1, 195, 5, 0, -182, -1175, 7001, 40, -197, -1174, 7006, 80, -178, -1160, 7030, 120, -179, -1156, 7017, 161, -182, -1167, 7010,
10201, 78661298, 78661050, 1, 195, 5, 0, -165, -1169, 7013, 40, -153, -1150, 7011, 81, -145, -1153, 7008, 121, -156, -1164, 7008, 161, -156, -1186, 6995,
10201, 78661500, 78661251, 1, 195, 5, 0, -143, -1194, 6982, 41, -149, -1190, 6989, 81, -173, -1200, 6994, 121, -195, -1204, 6990, 161, -202, -1195, 6988,
10201, 78661702, 78661453, 1, 195, 6, 0, -183, -1206, 7006, 40, -181, -1179, 7011, 80, -171, -1157, 7015, 121, -167, -1156, 7027, 161, -187, -1151, 7021, 201, -202, -1162, 7026,
10201, 78661906, 78661694, 1, 195, 5, 0, -182, -1165, 7024, 41, -174, -1177, 7021, 81, -181, -1197, 7004, 121, -192, -1209, 7011, 162, -201, -1188, 7019,
10201, 78662108, 78661896, 1, 195, 4, 0, -199, -1209, 6988, 40, -196, -1192, 7003, 80, -177, -1172, 7022, 121, -174, -1191, 7009,
10201, 78662311, 78662057, 1, 195, 5, 0, -210, -1177, 7001, 40, -196, -1162, 7041, 81, -185, -1153, 6998, 121, -179, -1185, 6998, 161, -176, -1178, 6997,
10201, 78662513, 78662258, 1, 195, 5, 0, -168, -1198, 7011, 41, -169, -1203, 6986, 81, -172, -1181, 6979, 121, -179, -1207, 6984, 162, -190, -1213, 7004,
10201, 78662715, 78662460, 1, 195, 5, 0, -198, -1199, 7014, 40, -208, -1178, 7015, 80, -216, -1153, 7018, 121, -217, -1170, 7015, 161, -214, -1175, 7035,
10201, 78662917, 78662661, 1, 195, 5, 0, -209, -1163, 7018, 41, -217, -1159, 7007, 81, -224, -1163, 7025, 121, -219, -1187, 7002, 161, -198, -1207, 6990,
10201, 78663119, 78662863, 1, 195, 5, 0, -194, -1194, 6997, 40, -187, -1187, 6992, 80, -200, -1198, 6986, 121, -208, -1200, 7000, 161, -198, -1186, 6997,
10201, 78663322, 78663064, 1, 195, 5, 0, -203, -1192, 6998, 40, -182, -1184, 6987, 81, -186, -1164, 6999, 121, -190, -1176, 7007, 161, -183, -1183, 6991,
10201, 78663525, 78663266, 1, 195, 5, 0, -171, -1171, 6985, 40, -173, -1161, 6996, 80, -158, -1154, 6991, 120, -143, -1143, 6996, 161, -155, -1147, 6988,
10201, 78663726, 78663467, 1, 195, 5, 0, -169, -1162, 6998, 40, -198, -1152, 6992, 80, -195, -1186, 6986, 121, -206, -1176, 6987, 161, -180, -1152, 6995,
10201, 78663928, 78663668, 1, 195, 5, 0, -164, -1136, 7013, 41, -199, -1150, 7010, 81, -186, -1151, 7024, 121, -191, -1146, 7015, 161, -177, -1165, 7007,
10201, 78664131, 78663870, 1, 195, 5, 0, -202, -1180, 7009, 40, -163, -1190, 6983, 80, -168, -1184, 6989, 121, -210, -1196, 6975, 161, -203, -1166, 6986,
10201, 78664335, 78664071, 1, 195, 5, 0, -190, -1213, 6996, 40, -191, -1209, 6984, 81, -210, -1199, 7004, 121, -215, -1185, 6978, 161, -193, -1188, 6978,
10201, 78664536, 78664273, 1, 195, 5, 0, -207, -1167, 6990, 40, -186, -1170, 6985, 80, -171, -1184, 6990, 120, -161, -1165, 6989, 161, -164, -1156, 6994,
10201, 78664740, 78664474, 1, 195, 5, 0, -166, -1155, 6987, 40, -142, -1158, 6998, 81, -149, -1160, 6977, 121, -170, -1160, 6981, 161, -173, -1174, 6982,
10201, 78664942, 78664675, 1, 195, 5, 0, -160, -1188, 6971, 41, -158, -1181, 6978, 81, -170, -1169, 6989, 121, -172, -1146, 7000, 162, -168, -1135, 7010,
10201, 78665144, 78664877, 1, 195, 5, 0, -170, -1136, 7001, 40, -189, -1146, 7011, 80, -180, -1159, 7001, 121, -177, -1161, 6993, 161, -186, -1171, 6985,
10201, 78665348, 78665078, 1, 195, 5, 0, -174, -1190, 6989, 41, -164, -1180, 6954, 81, -177, -1188, 6981, 121, -191, -1198, 6987, 161, -187, -1193, 6974,
10201, 78665553, 78665280, 1, 195, 5, 0, -183, -1207, 7008, 40, -171, -1194, 6983, 80, -200, -1184, 7002, 121, -192, -1170, 7004, 161, -203, -1176, 7006,
10201, 78665756, 78665481, 1, 195, 5, 0, -205, -1187, 7006, 40, -184, -1146, 7012, 81, -166, -1143, 7023, 121, -165, -1143, 7007, 161, -171, -1188, 7001,
10201, 78665957, 78665683, 1, 195, 5, 0, -138, -1149, 6996, 40, -155, -1164, 7002, 80, -172, -1137, 7018, 120, -180, -1134, 7031, 161, -185, -1132, 7032,
10201, 78666158, 78665884, 1, 195, 5, 0, -178, -1117, 7037, 40, -157, -1125, 7029, 80, -187, -1107, 7043, 121, -188, -1110, 7029, 161, -170, -1122, 7038,
10201, 78666361, 78666085, 1, 195, 5, 0, -179, -1150, 7040, 41, -166, -1163, 7005, 81, -176, -1168, 7009, 121, -180, -1179, 7007, 161, -175, -1182, 7013,
10201, 78666563, 78666287, 1, 195, 5, 0, -174, -1181, 7027, 40, -189, -1165, 7006, 80, -181, -1164, 6999, 121, -173, -1166, 7003, 161, -186, -1163, 7009,
10201, 78666765, 78666488, 1, 195, 5, 0, -201, -1147, 7026, 40, -183, -1142, 7035, 81, -168, -1143, 7031, 121, -160, -1152, 7022, 161, -151, -1158, 7019,
10201, 78666966, 78666690, 1, 195, 5, 0, -134, -1165, 6996, 40, -144, -1164, 6993, 80, -145, -1169, 7003, 120, -164, -1180, 7002, 161, -184, -1174, 7016,
10201, 78667181, 78666891, 1, 195, 5, 0, -174, -1165, 7021, 40, -189, -1175, 7004, 81, -203, -1160, 7013, 121, -209, -1163, 7030, 161, -204, -1195, 7040,
10201, 78667383, 78667092, 1, 195, 5, 0, -193, -1183, 7024, 41, -222, -1168, 7032, 81, -184, -1146, 7015, 121, -187, -1183, 6997, 162, -196, -1180, 7008,
10201, 78667584, 78667294, 1, 195, 4, 0, -173, -1193, 7022, 40, -193, -1199, 7007, 80, -205, -1166, 7012, 121, -208, -1185, 7042,
10201, 78667788, 78667455, 1, 195, 5, 0, -245, -1197, 7036, 40, -206, -1221, 7016, 81, -223, -1203, 6994, 121, -205, -1212, 7002, 161, -188, -1202, 6995,
10201, 78667991, 78667656, 1, 195, 5, 0, -209, -1196, 7043, 41, -198, -1175, 7030, 81, -187, -1169, 7011, 121, -158, -1185, 7005, 162, -154, -1199, 6997,
10201, 78668198, 78667858, 1, 195, 8, 0, -170, -1205, 6997, 40, -192, -1195, 7008, 80, -200, -1193, 7002, 121, -213, -1196, 7009, 161, -216, -1194, 7026, 201, -203, -1184, 7017, 242, -206, -1166, 7022, 282, -211, -1144, 7033,
10201, 78668402, 78668180, 1, 195, 5, 0, -221, -1143, 7042, 40, -217, -1142, 7048, 81, -212, -1144, 7048, 121, -206, -1150, 7035, 161, -202, -1160, 7023,
10201, 78668604, 78668381, 1, 195, 5, 0, -189, -1178, 7009, 41, -198, -1180, 7011, 81, -206, -1188, 7015, 121, -210, -1192, 7020, 162, -195, -1173, 7012,
10201, 78668806, 78668583, 1, 195, 5, 0, -192, -1174, 7007, 40, -192, -1176, 7009, 80, -203, -1162, 7037, 121, -199, -1169, 7020, 161, -184, -1144, 7009,
10201, 78669020, 78668784, 1, 195, 5, 0, -188, -1139, 7009, 41, -171, -1138, 7011, 81, -149, -1130, 7014, 121, -162, -1145, 7017, 161, -144, -1141, 7029,
10201, 78669224, 78668986, 1, 195, 6, 0, -153, -1158, 6995, 40, -159, -1155, 7010, 80, -165, -1118, 7027, 121, -152, -1128, 7020, 161, -182, -1126, 7033, 201, -160, -1109, 7023,
10201, 78669426, 78669227, 1, 195, 4, 0, -191, -1106, 7030, 41, -193, -1109, 7023, 81, -189, -1118, 7021, 121, -159, -1124, 7033,
10201, 78669628, 78669389, 1, 195, 5, 0, -173, -1135, 7005, 40, -166, -1142, 7016, 80, -165, -1139, 7005, 120, -151, -1162, 6988, 161, -155, -1159, 7013,
10201, 78669830, 78669590, 1, 195, 5, 0, -174, -1162, 7010, 40, -178, -1153, 7013, 81, -163, -1160, 6996, 121, -184, -1161, 7006, 161, -190, -1154, 7010,
10201, 78670032, 78669791, 1, 195, 5, 0, -182, -1177, 7005, 41, -183, -1163, 7004, 81, -180, -1141, 7014, 121, -162, -1143, 7029, 162, -150, -1144, 7031,
10201, 78670235, 78669993, 1, 195, 5, 0, -143, -1139, 7012, 40, -124, -1134, 6996, 80, -135, -1146, 6993, 121, -153, -1144, 6997, 161, -157, -1131, 7001,
10201, 78670438, 78670194, 1, 195, 5, 0, -156, -1132, 7004, 41, -155, -1134, 7016, 81, -155, -1136, 7017, 121, -165, -1123, 7012, 161, -176, -1109, 7024,
10201, 78670642, 78670396, 1, 195, 5, 0, -166, -1108, 7044, 40, -168, -1121, 7050, 80, -155, -1130, 7031, 121, -155, -1134, 7021, 161, -140, -1165, 7012,
10201, 78670844, 78670597, 1, 195, 5, 0, -128, -1150, 7003, 40, -119, -1145, 7003, 81, -127, -1165, 6995, 121, -138, -1173, 6970, 161, -118, -1166, 6973,
10201, 78671046, 78670798, 1, 195, 5, 0, -115, -1191, 6969, 41, -76, -1144, 6951, 81, -57, -1113, 6986, 121, -23, -1117, 6956, 162, -1, -1112, 7008,
10201, 78671252, 78671000, 1, 195, 4, 0, 28, -1089, 6972, 40, 42, -1087, 6990, 80, 29, -1090, 6982, 121, 50, -1094, 6975,
10201, 78671455, 78671161, 1, 195, 6, 0, 43, -1089, 6960, 40, 53, -1102, 6984, 81, 79, -1066, 6994, 121, 91, -1046, 6984, 161, 64, -1055, 6996, 201, 46, -1057, 7016,
10201, 78671657, 78671403, 1, 195, 5, 0, 33, -1067, 7029, 40, 3, -1056, 7018, 80, -17, -1063, 7012, 121, -2, -1066, 7029, 161, -35, -1090, 7014,
10201, 78671860, 78671604, 1, 195, 5, 0, -37, -1097, 6993, 40, -33, -1121, 6998, 81, -28, -1147, 6987, 121, -39, -1141, 6978, 161, -53, -1130, 6980,
10201, 78672063, 78671806, 1, 195, 5, 0, -70, -1134, 6968, 40, -77, -1139, 6978, 80, -83, -1167, 6975, 120, -86, -1186, 6970, 161, -82, -1191, 6976,
10201, 78672267, 78672007, 1, 195, 5, 0, -91, -1180, 6968, 40, -89, -1158, 6972, 81, -74, -1161, 6976, 121, -68, -1146, 6979, 161, -54, -1155, 6973,
10201, 78672469, 78672208, 1, 195, 5, 0, -61, -1164, 6978, 41, -40, -1143, 6982, 81, -24, -1143, 6974, 121, -25, -1144, 6986, 162, -36, -1145, 6980,
10201, 78672671, 78672410, 1, 195, 5, 0, -28, -1130, 6983, 40, -23, -1114, 6996, 80, -27, -1121, 7035, 121, -45, -1091, 7011, 161, -48, -1092, 7002,
10201, 78672877, 78672611, 1, 195, 4, 0, -60, -1110, 7013, 41, -54, -1125, 7007, 81, -86, -1099, 7001, 121, -81, -1136, 7012,
10201, 78673080, 78672772, 1, 195, 5, 0, -48, -1165, 6985, 41, -37, -1154, 7000, 81, -62, -1151, 6977, 121, -67, -1140, 6977, 161, -91, -1167, 7004,
10201, 78673283, 78672974, 1, 195, 5, 0, -73, -1128, 6983, 40, -56, -1149, 7008, 80, -75, -1149, 6991, 121, -80, -1131, 7015, 161, -62, -1115, 7037,
10201, 78673487, 78673175, 1, 195, 5, 0, -75, -1110, 7011, 40, -68, -1100, 7011, 81, -56, -1111, 7013, 121, -64, -1104, 7000, 161, -42, -1108, 6993,
10201, 78673690, 78673377, 1, 195, 6, 0, -13, -1117, 6987, 40, -36, -1122, 7000, 80, -41, -1112, 7009, 120, -47, -1117, 6997, 161, -47, -1124, 6979, 201, -47, -1116, 6983,
10201, 78673895, 78673618, 1, 195, 5, 0, -30, -1122, 6989, 41, -39, -1129, 7004, 81, -59, -1111, 6998, 121, -55, -1106, 6996, 161, -64, -1126, 7020,
10201, 78674103, 78673820, 1, 195, 5, 0, -55, -1126, 7023, 40, -56, -1120, 6991, 80, -45, -1119, 6972, 121, -41, -1147, 6979, 161, -35, -1153, 6977,
10201, 78674306, 78674021, 1, 195, 5, 0, -60, -1154, 6976, 40, -79, -1143, 6955, 81, -105, -1135, 6970, 121, -121, -1169, 6964, 161, -121, -1146, 6976,
10201, 78674510, 78674223, 1, 195, 7, 0, -141, -1135, 6982, 40, -99, -1153, 6987, 80, -97, -1155, 6999, 120, -111, -1152, 6989, 161, -102, -1121, 6997, 201, -80, -1112, 6983, 241, -46, -1134, 6982,
10201, 78674712, 78674505, 1, 195, 4, 0, -4, -1094, 6980, 40, -36, -1109, 7001, 80, -39, -1111, 6972, 120, -36, -1092, 7007,
10201, 78674917, 78674666, 1, 195, 6, 0, -19, -1071, 7016, 40, -42, -1050, 7032, 80, -48, -1085, 7021, 121, -75, -1105, 7024, 161, -67, -1119, 6997, 201, -72, -1126, 6990,
10201, 78675122, 78674907, 1, 195, 5, 0, -107, -1129, 6993, 41, -101, -1148, 6994, 81, -108, -1171, 6966, 121, -101, -1188, 6956, 162, -96, -1185, 6952,
10201, 78675326, 78675109, 1, 195, 5, 0, -109, -1182, 6961, 40, -126, -1184, 6985, 80, -107, -1148, 6989, 121, -55, -1108, 6984, 161, -68, -1100, 6986,
10201, 78675528, 78675310, 1, 195, 5, 0, -103, -1106, 6993, 40, -112, -1122, 7007, 81, -94, -1142, 6992, 121, -80, -1122, 6986, 161, -77, -1125, 6989,
10201, 78675731, 78675512, 1, 195, 5, 0, -81, -1125, 7004, 40, -80, -1116, 6993, 80, -65, -1137, 6982, 120, -59, -1141, 6982, 161, -81, -1140, 6974,
10201, 78675933, 78675713, 1, 195, 5, 0, -112, -1123, 6995, 40, -137, -1129, 7007, 81, -139, -1141, 7014, 121, -127, -1141, 7019, 161, -130, -1108, 7030,
10201, 78676135, 78675914, 1, 195, 5, 0, -119, -1106, 7025, 41, -122, -1133, 7008, 81, -119, -1103, 7026, 121, -122, -1095, 7022, 162, -99, -1105, 7011,
10201, 78676337, 78676116, 1, 195, 5, 0, -93, -1109, 7016, 40, -93, -1124, 6998, 80, -80, -1118, 6998, 121, -89, -1128, 6998, 161, -128, -1112, 7019,
10201, 78676540, 78676317, 1, 195, 4, 0, -151, -1112, 7041, 41, -151, -1123, 7009, 81, -137, -1125, 7007, 121, -130, -1096, 7015,
10201, 78676741, 78676478, 1, 195, 5, 0, -146, -1112, 7014, 41, -145, -1112, 7013, 81, -133, -1111, 7043, 121, -117, -1108, 7011, 162, -99, -1101, 7006,
10201, 78676944, 78676680, 1, 195, 5, 0, -111, -1105, 7016, 40, -82, -1101, 6994, 80, -75, -1109, 6978, 121, -83, -1130, 6973, 161, -118, -1133, 6983,
10201, 78677146, 78676881, 1, 195, 5, 0, -136, -1132, 6998, 41, -154, -1139, 7005, 81, -169, -1136, 7020, 121, -147, -1119, 7030, 161, -157, -1099, 7024,
10201, 78677348, 78677083, 1, 195, 5, 0, -161, -1110, 7000, 40, -151, -1109, 7015, 80, -146, -1101, 7029, 121, -124, -1114, 7012, 161, -122, -1139, 6994,
10201, 78677551, 78677284, 1, 195, 6, 0, -130, -1144, 6986, 40, -135, -1155, 6993, 81, -153, -1150, 7001, 121, -143, -1140, 7004, 161, -129, -1140, 6997, 201, -133, -1129, 7003,
10201, 78677754, 78677526, 1, 195, 5, 0, -129, -1121, 7000, 40, -139, -1118, 7012, 80, -152, -1092, 7029, 121, -140, -1112, 7008, 161, -118, -1123, 6998,
10201, 78677956, 78677727, 1, 195, 5, 0, -119, -1099, 6996, 40, -127, -1103, 7011, 81, -113, -1113, 6995, 121, -90, -1134, 6990, 161, -114, -1125, 7002,
10201, 78678158, 78677929, 1, 195, 5, 0, -128, -1133, 6990, 40, -119, -1145, 6983, 80, -152, -1143, 6985, 120, -152, -1119, 6982, 161, -135, -1129, 7004,
10201, 78678362, 78678130, 1, 195, 4, 0, -151, -1129, 7004, 40, -163, -1117, 6999, 81, -154, -1113, 7028, 121, -160, -1089, 7027,
10201, 78678565, 78678291, 1, 195, 5, 0, -160, -1121, 7003, 40, -167, -1126, 6971, 81, -157, -1150, 7003, 121, -171, -1163, 6979, 161, -159, -1165, 6960,
10201, 78678768, 78678493, 1, 195, 5, 0, -183, -1160, 6973, 40, -191, -1145, 6990, 80, -203, -1159, 6994, 120, -170, -1148, 6979, 161, -156, -1148, 6969,
10201, 78678972, 78678694, 1, 195, 5, 0, -135, -1145, 6956, 40, -162, -1139, 6971, 81, -173, -1157, 6965, 121, -164, -1137, 6970, 161, -153, -1139, 6975,
10201, 78679174, 78678895, 1, 195, 5, 0, -135, -1149, 6977, 41, -125, -1152, 6963, 81, -122, -1145, 6959, 121, -139, -1133, 6965, 162, -153, -1153, 6959,
10201, 78679378, 78679097, 1, 195, 5, 0, -166, -1153, 6969, 40, -172, -1144, 6975, 80, -173, -1141, 6973, 121, -172, -1136, 6998, 161, -173, -1126, 6999,
10201, 78679580, 78679298, 1, 195, 6, 0, -173, -1128, 6983, 41, -162, -1115, 6978, 81, -170, -1112, 6982, 121, -158, -1125, 6983, 161, -135, -1137, 6970, 202, -131, -1155, 6943,
10201, 78679782, 78679540, 1, 195, 5, 0, -141, -1164, 6953, 40, -177, -1154, 6982, 81, -178, -1144, 6967, 121, -160, -1145, 6956, 161, -187, -1146, 6946,
10201, 78679985, 78679741, 1, 195, 4, 0, -163, -1123, 6952, 41, -149, -1162, 6948, 81, -159, -1134, 6947, 121, -165, -1159, 6968,
10201, 78680188, 78679902, 1, 195, 5, 0, -157, -1140, 6961, 41, -160, -1148, 6969, 81, -174, -1134, 6955, 121, -166, -1124, 6946, 162, -134, -1138, 6967,
10201, 78680391, 78680104, 1, 195, 5, 0, -160, -1143, 6944, 40, -162, -1147, 6924, 80, -178, -1170, 6955, 121, -194, -1162, 6974, 161, -219, -1149, 6971,
10201, 78680594, 78680305, 1, 195, 5, 0, -208, -1147, 6961, 41, -198, -1143, 6979, 81, -194, -1149, 6992, 121, -194, -1158, 6983, 161, -192, -1131, 6981,
10201, 78680798, 78680507, 1, 195, 5, 0, -193, -1140, 6973, 40, -173, -1164, 6972, 80, -174, -1171, 6960, 121, -169, -1183, 6946, 161, -163, -1176, 6935,
10201, 78681000, 78680708, 1, 195, 5, 0, -177, -1172, 6935, 40, -192, -1185, 6940, 81, -202, -1169, 6945, 121, -199, -1163, 6948, 161, -180, -1173, 6965,
10201, 78681203, 78680910, 1, 195, 5, 0, -177, -1179, 6956, 40, -203, -1176, 6950, 80, -210, -1178, 6952, 120, -202, -1191, 6954, 161, -205, -1180, 6960,
10201, 78681405, 78681111, 1, 195, 5, 0, -207, -1171, 6967, 40, -205, -1183, 6972, 81, -183, -1186, 6976, 121, -180, -1195, 6955, 161, -193, -1193, 6953,
10201, 78681607, 78681312, 1, 195, 6, 0, -212, -1211, 6953, 41, -227, -1214, 6985, 81, -228, -1211, 6977, 121, -218, -1206, 6974, 162, -225, -1176, 6997, 202, -219, -1179, 6974,
10201, 78681809, 78681554, 1, 195, 5, 0, -226, -1172, 6979, 40, -206, -1187, 6975, 81, -221, -1166, 6979, 121, -208, -1174, 6977, 161, -168, -1180, 6982,
10201, 78682011, 78681756, 1, 195, 4, 0, -174, -1180, 6982, 40, -179, -1207, 6961, 80, -173, -1188, 6973, 120, -202, -1187, 6959,
10201, 78682213, 78681917, 1, 195, 5, 0, -220, -1182, 6967, 40, -190, -1195, 6972, 80, -183, -1182, 6975, 120, -191, -1183, 6975, 161, -213, -1191, 6966,
10201, 78682415, 78682118, 1, 195, 5, 0, -189, -1168, 6967, 40, -177, -1174, 6973, 81, -154, -1184, 6972, 121, -162, -1168, 6954, 161, -156, -1179, 6944,
10201, 78682617, 78682319, 1, 195, 5, 0, -130, -1196, 6936, 41, -134, -1211, 6918, 81, -133, -1215, 6921, 121, -134, -1211, 6934, 162, -160, -1219, 6944,
10201, 78682819, 78682521, 1, 195, 5, 0, -178, -1213, 6951, 40, -181, -1196, 6964, 80, -172, -1181, 6984, 121, -200, -1177, 6993, 161, -220, -1165, 7004,
10201, 78683022, 78682722, 1, 195, 5, 0, -209, -1159, 7004, 41, -207, -1179, 6998, 81, -186, -1203, 7007, 121, -189, -1194, 7000, 161, -182, -1211, 6990,
10201, 78683223, 78682924, 1, 195, 5, 0, -193, -1209, 6980, 40, -196, -1224, 6975, 80, -195, -1227, 6984, 121, -215, -1231, 6986, 161, -217, -1207, 6989,
10201, 78683425, 78683125, 1, 195, 5, 0, -216, -1221, 6978, 40, -200, -1207, 7016, 81, -208, -1219, 6987, 121, -196, -1198, 6989, 161, -181, -1201, 6993,
10201, 78683631, 78683327, 1, 195, 7, 0, -192, -1194, 6976, 40, -176, -1207, 7001, 80, -168, -1208, 6978, 120, -157, -1213, 6982, 161, -151, -1186, 6966, 201, -151, -1197, 6977, 241, -153, -1230, 6967,
10201, 78683833, 78683609, 1, 195, 5, 0, -182, -1233, 6995, 40, -177, -1221, 6969, 80, -182, -1205, 6976, 120, -179, -1166, 6989, 161, -176, -1187, 6999,
10201, 78684036, 78683810, 1, 195, 5, 0, -176, -1179, 7011, 40, -188, -1172, 6994, 81, -195, -1165, 7004, 121, -162, -1179, 7010, 161, -128, -1193, 6986,
10201, 78684240, 78684011, 1, 195, 5, 0, -136, -1189, 6996, 41, -144, -1190, 6978, 81, -151, -1197, 6978, 121, -150, -1195, 6977, 162, -147, -1200, 6979,
10201, 78684441, 78684213, 1, 195, 5, 0, -129, -1200, 6976, 40, -137, -1205, 6974, 80, -136, -1199, 6983, 121, -144, -1173, 6990, 161, -136, -1189, 6991,
10201, 78684655, 78684414, 1, 195, 5, 0, -133, -1195, 6986, 40, -139, -1187, 6985, 81, -135, -1186, 6987, 121, -119, -1189, 6980, 161, -116, -1204, 6979,
10201, 78684860, 78684616, 1, 195, 5, 0, -127, -1197, 6974, 40, -144, -1204, 6983, 80, -140, -1191, 6984, 120, -142, -1199, 6993, 161, -152, -1190, 6997,
10201, 78685062, 78684817, 1, 195, 5, 0, -156, -1164, 6994, 40, -159, -1163, 6995, 81, -147, -1157, 7025, 121, -134, -1150, 7021, 161, -160, -1153, 7035,
10201, 78685265, 78685018, 1, 195, 6, 0, -158, -1152, 7028, 41, -125, -1159, 7004, 81, -116, -1170, 7001, 121, -110, -1176, 6996, 162, -112, -1163, 6983, 202, -104, -1187, 6964,
10201, 78685467, 78685260, 1, 195, 4, 0, -155, -1196, 6976, 40, -126, -1182, 6996, 81, -132, -1177, 6969, 121, -138, -1193, 6974,
10201, 78685671, 78685421, 1, 195, 5, 0, -147, -1170, 6972, 41, -133, -1161, 7006, 81, -145, -1168, 6995, 121, -135, -1167, 6966, 161, -135, -1160, 6997,
10201, 78685874, 78685623, 1, 195, 5, 0, -133, -1173, 6988, 40, -116, -1158, 6978, 80, -123, -1166, 6982, 121, -101, -1177, 6977, 161, -90, -1176, 6969,
10201, 78686077, 78685824, 1, 195, 5, 0, -100, -1178, 6966, 40, -135, -1189, 6970, 81, -137, -1183, 6998, 121, -143, -1156, 6987, 161, -132, -1135, 7007,
10201, 78686281, 78686026, 1, 195, 5, 0, -143, -1136, 7015, 40, -153, -1136, 7017, 80, -147, -1150, 7012, 120, -137, -1152, 7002, 161, -136, -1144, 6986,
10201, 78686484, 78686227, 1, 195, 5, 0, -102, -1163, 6988, 40, -78, -1185, 6989, 81, -108, -1179, 6977, 121, -117, -1160, 6976, 161, -125, -1152, 6988,
10201, 78686686, 78686428, 1, 195, 5, 0, -133, -1164, 6985, 41, -137, -1154, 6992, 81, -142, -1148, 6993, 121, -131, -1156, 6987, 162, -138, -1135, 6989,
10201, 78686888, 78686630, 1, 195, 5, 0, -128, -1149, 6992, 40, -113, -1151, 6983, 80, -114, -1166, 6992, 121, -96, -1176, 6987, 161, -109, -1160, 6965,
10201, 78687091, 78686831, 1, 195, 5, 0, -88, -1147, 6951, 40, -79, -1176, 6964, 81, -106, -1177, 6978, 121, -99, -1171, 6959, 161, -111, -1185, 6976,
10201, 78687293, 78687033, 1, 195, 4, 0, -112, -1174, 6997, 40, -143, -1149, 6985, 80, -171, -1176, 6964, 120, -148, -1115, 7017,
10201, 78687495, 78687194, 1, 195, 6, 0, -140, -1141, 7014, 40, -143, -1150, 7008, 80, -169, -1139, 6999, 121, -172, -1130, 7006, 161, -160, -1141, 7015, 201, -168, -1147, 6987,
10201, 78687697, 78687435, 1, 195, 5, 0, -139, -1155, 6984, 41, -146, -1156, 6980, 81, -151, -1158, 6975, 121, -164, -1173, 6981, 162, -176, -1174, 6983,
10201, 78687901, 78687637, 1, 195, 5, 0, -175, -1165, 6980, 40, -177, -1169, 6985, 80, -170, -1181, 6975, 121, -166, -1163, 6972, 161, -168, -1173, 6988,
10201, 78688102, 78687838, 1, 195, 5, 0, -166, -1163, 6995, 41, -159, -1161, 6988, 81, -158, -1174, 7000, 121, -138, -1166, 6994, 161, -133, -1181, 6965,
10201, 78688303, 78688040, 1, 195, 5, 0, -125, -1199, 6972, 40, -129, -1195, 6960, 80, -139, -1208, 6955, 121, -152, -1208, 6962, 161, -146, -1185, 6961,
10201, 78688505, 78688241, 1, 195, 5, 0, -142, -1185, 6968, 40, -165, -1164, 6971, 81, -168, -1149, 6992, 121, -167, -1139, 6992, 161, -158, -1128, 7002,
10201, 78688707, 78688443, 1, 195, 5, 0, -148, -1158, 6992, 40, -135, -1170, 6969, 80, -130, -1173, 6970, 120, -156, -1183, 6963, 161, -136, -1173, 6968,
10201, 78688909, 78688644, 1, 195, 5, 0, -159, -1169, 6952, 40, -150, -1176, 6947, 81, -136, -1179, 6979, 121, -164, -1171, 6959, 161, -126, -1174, 6976,
10201, 78689110, 78688845, 1, 195, 4, 0, -148, -1132, 6985, 41, -145, -1163, 6987, 81, -112, -1174, 6971, 121, -134, -1162, 6972,
10201, 78689315, 78689006, 1, 195, 5, 0, -118, -1158, 6972, 41, -90, -1136, 6951, 81, -94, -1162, 6969, 121, -99, -1178, 6971, 162, -89, -1198, 6971,
10201, 78689517, 78689208, 1, 195, 5, 0, -118, -1174, 6963, 40, -125, -1181, 6953, 80, -135, -1190, 6962, 121, -123, -1168, 6983, 161, -153, -1175, 6976,
10201, 78689719, 78689409, 1, 195, 5, 0, -173, -1179, 6983, 41, -178, -1182, 6995, 81, -168, -1174, 6984, 121, -161, -1192, 6993, 161, -160, -1212, 6971,
10201, 78689921, 78689611, 1, 195, 6, 0, -152, -1211, 6960, 40, -146, -1230, 6959, 80, -137, -1238, 6937, 121, -160, -1252, 6940, 161, -184, -1249, 6948, 201, -183, -1264, 6946,
10201, 78690124, 78689852, 1, 195, 5, 0, -189, -1266, 6953, 41, -188, -1267, 6962, 81, -167, -1271, 6949, 121, -177, -1256, 6949, 162, -171, -1260, 6967,
10201, 78690326, 78690054, 1, 195, 5, 0, -164, -1240, 6970, 40, -167, -1214, 6985, 80, -154, -1202, 6991, 121, -144, -1216, 6974, 161, -141, -1220, 6967,
10201, 78690528, 78690255, 1, 195, 5, 0, -140, -1232, 6958, 41, -124, -1252, 6957, 81, -132, -1249, 6973, 121, -147, -1235, 6979, 161, -146, -1241, 6963,
10201, 78690729, 78690457, 1, 195, 5, 0, -151, -1212, 6961, 40, -151, -1233, 6990, 80, -149, -1223, 6990, 121, -173, -1219, 6993, 161, -179, -1191, 6982,
10201, 78690931, 78690658, 1, 195, 4, 0, -163, -1197, 6988, 40, -146, -1208, 7004, 81, -146, -1198, 7003, 121, -149, -1227, 6991,
10201, 78691133, 78690819, 1, 195, 5, 0, -161, -1221, 6997, 41, -172, -1213, 7007, 81, -181, -1228, 7013, 121, -205, -1230, 7019, 161, -197, -1222, 7013,
10201, 78691336, 78691021, 1, 195, 5, 0, -205, -1203, 7014, 40, -181, -1214, 7003, 80, -182, -1206, 7013, 121, -195, -1217, 7019, 161, -176, -1226, 7021,
10201, 78691540, 78691222, 1, 195, 5, 0, -160, -1193, 7011, 40, -168, -1170, 7018, 81, -146, -1151, 7024, 121, -137, -1144, 7010, 161, -123, -1164, 7002,
10201, 78691741, 78691424, 1, 195, 5, 0, -128, -1162, 7012, 40, -136, -1177, 7005, 80, -149, -1184, 7000, 120, -167, -1189, 6997, 161, -174, -1190, 7004,
10201, 78691943, 78691625, 1, 195, 5, 0, -163, -1169, 7025, 40, -165, -1152, 7023, 80, -165, -1154, 7004, 121, -170, -1150, 7018, 161, -167, -1155, 7033,
10201, 78692145, 78691826, 1, 195, 8, 0, -171, -1149, 7026, 41, -167, -1175, 7003, 81, -143, -1175, 6989, 121, -114, -1181, 6976, 161, -127, -1185, 6983, 202, -150, -1179, 7006, 242, -156, -1183, 7014, 282, -166, -1190, 6976,
10201, 78692347, 78692149, 1, 195, 5, 0, -152, -1189, 7000, 40, -178, -1178, 7006, 80, -175, -1189, 7028, 120, -179, -1155, 7021, 161, -166, -1175, 7013,
10201, 78692550, 78692350, 1, 195, 4, 0, -160, -1150, 7032, 40, -171, -1160, 7012, 81, -126, -1143, 6990, 121, -132, -1149, 7017,
10201, 78692752, 78692511, 1, 195, 5, 0, -132, -1193, 7006, 40, -136, -1180, 6994, 81, -161, -1187, 7010, 121, -176, -1175, 7051, 161, -148, -1183, 7041,
10201, 78692954, 78692713, 1, 195, 5, 0, -160, -1165, 7041, 40, -165, -1159, 7049, 80, -169, -1143, 7034, 120, -147, -1151, 7052, 161, -139, -1143, 7059,
10201, 78693156, 78692914, 1, 195, 5, 0, -135, -1146, 7046, 40, -137, -1137, 7041, 81, -126, -1155, 7036, 121, -105, -1174, 7035, 161, -99, -1200, 7004,
10201, 78693358, 78693115, 1, 195, 5, 0, -101, -1207, 6996, 41, -110, -1202, 6996, 81, -114, -1206, 6999, 121, -121, -1198, 7011, 162, -134, -1179, 7022,
10201, 78693563, 78693317, 1, 195, 6, 0, -147, -1189, 7038, 40, -146, -1200, 7039, 80, -130, -1194, 7026, 121, -125, -1181, 7019, 161, -126, -1173, 7025, 201, -113, -1165, 7035,
10201, 78693765, 78693559, 1, 195, 5, 0, -96, -1163, 7042, 40, -106, -1172, 7036, 80, -115, -1184, 7019, 120, -103, -1200, 7008, 161, -108, -1187, 7024,
10201, 78693967, 78693760, 1, 195, 5, 0, -118, -1186, 7052, 40, -121, -1167, 7056, 80, -125, -1169, 7055, 121, -120, -1173, 7074, 161, -129, -1148, 7068,
10201, 78694168, 78693961, 1, 195, 5, 0, -127, -1133, 7066, 41, -119, -1119, 7045, 81, -95, -1135, 7073, 121, -108, -1142, 7047, 161, -91, -1140, 7062,
10201, 78694369, 78694163, 1, 195, 4, 0, -98, -1197, 7035, 40, -81, -1166, 7017, 80, -95, -1207, 7009, 121, -112, -1190, 7030,
10201, 78694571, 78694324, 1, 195, 5, 0, -118, -1167, 7010, 40, -124, -1153, 7020, 80, -134, -1182, 7026, 121, -105, -1179, 7015, 161, -131, -1172, 7059,
10201, 78694773, 78694525, 1, 195, 5, 0, -127, -1140, 7049, 41, -129, -1151, 7048, 81, -133, -1160, 7052, 121, -139, -1186, 7045, 161, -118, -1165, 7029,
10201, 78694977, 78694727, 1, 195, 5, 0, -140, -1182, 7033, 40, -129, -1180, 7038, 80, -135, -1171, 7046, 121, -177, -1177, 7050, 161, -205, -1192, 7060,
10201, 78695179, 78694928, 1, 195, 5, 0, -193, -1178, 7063, 40, -193, -1173, 7070, 81, -209, -1168, 7069, 121, -233, -1172, 7082, 161, -246, -1178, 7094,
10201, 78695382, 78695130, 1, 195, 5, 0, -240, -1178, 7081, 40, -225, -1178, 7073, 80, -222, -1186, 7083, 120, -223, -1191, 7078, 161, -212, -1191, 7056,
10201, 78695587, 78695331, 1, 195, 5, 0, -213, -1199, 7042, 40, -236, -1207, 7051, 81, -243, -1208, 7068, 121, -260, -1216, 7067, 161, -275, -1225, 7069,
10201, 78695790, 78695532, 1, 195, 6, 0, -286, -1219, 7067, 41, -259, -1208, 7082, 81, -260, -1203, 7073, 121, -244, -1152, 7067, 162, -227, -1140, 7086, 202, -220, -1112, 7077,
10201, 78695992, 78695774, 1, 195, 4, 0, -193, -1099, 7072, 40, -193, -1108, 7067, 81, -206, -1106, 7059, 121, -207, -1106, 7048,
10201, 78696194, 78695935, 1, 195, 5, 0, -194, -1130, 7039, 41, -229, -1129, 7026, 81, -255, -1109, 7055, 121, -247, -1140, 7036, 161, -242, -1142, 7043,
10201, 78696396, 78696137, 1, 195, 5, 0, -266, -1065, 7066, 40, -263, -1092, 7053, 80, -200, -1066, 7006, 120, -184, -1062, 7025, 161, -177, -1071, 7023,
10201, 78696598, 78696338, 1, 195, 5, 0, -178, -1083, 7016, 40, -160, -1094, 6991, 81, -168, -1097, 7005, 121, -166, -1111, 6998, 161, -191, -1105, 6999,
10201, 78696800, 78696539, 1, 195, 5, 0, -183, -1095, 7004, 41, -177, -1098, 6991, 81, -176, -1098, 6997, 121, -191, -1089, 7020, 162, -187, -1096, 7008,
10201, 78697003, 78696741, 1, 195, 5, 0, -170, -1086, 7001, 40, -161, -1067, 7016, 80, -140, -1073, 7005, 121, -121, -1094, 6992, 161, -116, -1102, 6997,
10201, 78697206, 78696942, 1, 195, 5, 0, -109, -1103, 6982, 41, -114, -1110, 6973, 81, -120, -1112, 6981, 121, -136, -1103, 6989, 161, -141, -1102, 6978,
10201, 78697408, 78697144, 1, 195, 5, 0, -143, -1122, 6980, 40, -159, -1110, 7009, 80, -152, -1100, 7025, 121, -160, -1103, 7027, 161, -181, -1095, 7024,
10201, 78697610, 78697345, 1, 195, 5, 0, -165, -1107, 7021, 40, -168, -1131, 7006, 81, -165, -1152, 6987, 121, -151, -1168, 6971, 161, -142, -1159, 6984,
10201, 78697812, 78697547, 1, 195, 6, 0, -138, -1169, 6972, 40, -132, -1171, 6964, 80, -159, -1179, 6971, 120, -158, -1174, 6991, 161, -136, -1185, 7003, 201, -156, -1196, 6978,
10201, 78698017, 78697788, 1, 195, 3, 0, -152, -1180, 6977, 41, -160, -1143, 7001, 81, -140, -1162, 6993,
10201, 78698219, 78697909, 1, 195, 6, 0, -129, -1130, 6988, 40, -122, -1156, 6993, 81, -102, -1147, 6995, 121, -84, -1134, 6987, 161, -70, -1157, 6962, 202, -111, -1158, 6972,
10201, 78698423, 78698151, 1, 195, 5, 0, -82, -1165, 6977, 40, -104, -1170, 6980, 80, -118, -1150, 6984, 121, -119, -1136, 6971, 161, -101, -1128, 7003,
10201, 78698625, 78698352, 1, 195, 5, 0, -111, -1125, 7023, 41, -114, -1131, 7017, 81, -104, -1123, 7000, 121, -97, -1131, 7002, 161, -119, -1138, 7008,
10201, 78698828, 78698554, 1, 195, 5, 0, -128, -1157, 6984, 40, -120, -1155, 6985, 80, -126, -1164, 6984, 120, -122, -1186, 6965, 161, -125, -1198, 6983,
10201, 78699043, 78698755, 1, 195, 5, 0, -137, -1208, 6998, 40, -143, -1195, 6992, 81, -136, -1192, 6988, 121, -129, -1199, 6988, 161, -145, -1181, 6996,
10201, 78699246, 78698956, 1, 195, 5, 0, -165, -1182, 7008, 41, -156, -1173, 7019, 81, -147, -1160, 7013, 121, -142, -1157, 7005, 162, -138, -1171, 7002,
10201, 78699448, 78699158, 1, 195, 5, 0, -125, -1155, 7001, 40, -93, -1142, 6999, 80, -53, -1127, 7003, 121, -31, -1142, 7021, 161, -35, -1134, 7014,
10201, 78699650, 78699359, 1, 195, 5, 0, -44, -1129, 7000, 41, -50, -1139, 7008, 81, -80, -1115, 7014, 121, -74, -1133, 7025, 161, -76, -1121, 7033,
10201, 78699853, 78699561, 1, 195, 4, 0, -89, -1118, 7057, 40, -104, -1098, 7033, 80, -103, -1132, 7028, 121, -84, -1129, 7035,
10201, 78700055, 78699722, 1, 195, 5, 0, -82, -1148, 7004, 40, -59, -1173, 7003, 80, -89, -1161, 6992, 121, -108, -1177, 7000, 161, -89, -1197, 6977,
10201, 78700258, 78699923, 1, 195, 5, 0, -129, -1188, 6999, 41, -115, -1216, 7010, 81, -115, -1198, 6995, 121, -154, -1170, 7012, 161, -149, -1165, 7021,
10201, 78700461, 78700125, 1, 195, 6, 0, -107, -1179, 7025, 40, -89, -1159, 7022, 80, -74, -1156, 7010, 121, -84, -1162, 7004, 161, -93, -1161, 7011, 201, -58, -1171, 7006,
10201, 78700663, 78700366, 1, 195, 5, 0, -50, -1170, 6987, 41, -70, -1174, 6985, 81, -80, -1183, 6993, 121, -97, -1181, 7007, 161, -85, -1172, 7019,
10201, 78700869, 78700568, 1, 195, 7, 0, -78, -1160, 7009, 40, -85, -1148, 7004, 80, -107, -1142, 7015, 121, -106, -1134, 7028, 161, -103, -1127, 7039, 201, -91, -1135, 7039, 241, -105, -1172, 7016,
10201, 78701073, 78700850, 1, 195, 5, 0, -90, -1201, 6990, 40, -81, -1193, 6984, 80, -71, -1199, 6987, 121, -112, -1186, 6984, 161, -129, -1201, 7007,
10201, 78701277, 78701051, 1, 195, 5, 0, -152, -1217, 7006, 40, -159, -1198, 7010, 81, -129, -1177, 7000, 121, -155, -1167, 7024, 161, -147, -1143, 7030,
10201, 78701481, 78701253, 1, 195, 5, 0, -130, -1119, 7041, 40, -81, -1144, 7026, 80, -102, -1143, 7038, 120, -79, -1140, 7020, 161, -39, -1157, 6998,
10201, 78701687, 78701454, 1, 195, 5, 0, -42, -1166, 6985, 40, -61, -1175, 6976, 81, -58, -1197, 6963, 121, -87, -1204, 6989, 161, -89, -1188, 6977,
10201, 78701894, 78701655, 1, 195, 5, 0, -103, -1182, 6997, 41, -100, -1145, 7006, 81, -117, -1126, 7007, 121, -131, -1141, 7022, 162, -95, -1144, 7024,
10201, 78702097, 78701857, 1, 195, 5, 0, -85, -1143, 7004, 40, -68, -1163, 7007, 80, -78, -1172, 6996, 121, -91, -1174, 6993, 161, -101, -1182, 6980,
10201, 78702300, 78702058, 1, 195, 5, 0, -89, -1187, 6976, 41, -95, -1186, 6982, 81, -113, -1196, 7002, 121, -105, -1176, 7013, 161, -92, -1163, 7007,
10201, 78702501, 78702260, 1, 195, 5, 0, -90, -1143, 7009, 40, -76, -1140, 7020, 80, -70, -1149, 7014, 121, -49, -1142, 7018, 161, -48, -1139, 7014,
10201, 78702703, 78702461, 1, 195, 5, 0, -39, -1133, 6994, 40, -25, -1150, 6988, 81, -26, -1163, 6981, 121, -37, -1172, 6993, 161, -38, -1192, 6983,
10201, 78702905, 78702663, 1, 195, 5, 0, -50, -1189, 6976, 40, -56, -1210, 6973, 80, -37, -1188, 6965, 120, -31, -1177, 6980, 161, 1, -1154, 6989,
10201, 78703107, 78702864, 1, 195, 5, 0, -12, -1164, 6988, 40, -26, -1140, 7006, 80, -45, -1147, 6998, 121, -50, -1136, 6993, 161, -63, -1116, 7010,
10201, 78703310, 78703065, 1, 195, 4, 0, -70, -1125, 7042, 41, -102, -1137, 7019, 81, -79, -1151, 7031, 121, -76, -1177, 6979,
10201, 78703513, 78703226, 1, 195, 6, 0, -84, -1185, 6988, 41, -110, -1194, 7001, 81, -117, -1198, 6998, 121, -113, -1217, 6999, 162, -121, -1192, 7007, 202, -109, -1198, 6995,
10201, 78703715, 78703468, 1, 195, 5, 0, -124, -1176, 7008, 40, -145, -1171, 7020, 81, -134, -1155, 7021, 121, -91, -1138, 7018, 161, -77, -1156, 7032,
10201, 78703918, 78703670, 1, 195, 5, 0, -90, -1168, 7033, 40, -90, -1165, 7016, 80, -81, -1161, 6997, 120, -78, -1158, 6992, 161, -81, -1160, 6996,
10201, 78704120, 78703871, 1, 195, 5, 0, -78, -1170, 7001, 40, -102, -1184, 7001, 81, -119, -1172, 7013, 121, -101, -1148, 7023, 161, -72, -1123, 7035,
10201, 78704322, 78704072, 1, 195, 5, 0, -67, -1101, 7049, 41, -74, -1096, 7076, 81, -88, -1101, 7082, 121, -107, -1106, 7083, 162, -112, -1116, 7072,
10201, 78704524, 78704274, 1, 195, 5, 0, -98, -1122, 7059, 40, -109, -1132, 7056, 80, -122, -1135, 7053, 121, -142, -1149, 7049, 161, -147, -1173, 7047,
10201, 78704727, 78704475, 1, 195, 5, 0, -120, -1186, 7045, 41, -128, -1199, 7034, 81, -132, -1196, 7029, 121, -136, -1203, 7028, 161, -113, -1194, 7030,
10201, 78704929, 78704677, 1, 195, 5, 0, -90, -1179, 7015, 40, -82, -1177, 7007, 80, -89, -1174, 7027, 121, -77, -1182, 6999, 161, -39, -1188, 7001,
10201, 78705131, 78704878, 1, 195, 4, 0, -10, -1225, 7001, 40, -25, -1211, 6991, 81, -25, -1244, 7012, 121, -17, -1236, 6961,
10201, 78705333, 78705039, 1, 195, 5, 0, -8, -1245, 6985, 40, 0, -1258, 6982, 81, 4, -1257, 6980, 121, 10, -1270, 6987, 161, -23, -1248, 7001,
10201, 78705535, 78705241, 1, 195, 5, 0, -24, -1250, 6979, 40, -19, -1253, 6979, 80, -20, -1265, 6975, 120, -31, -1259, 6973, 161, -35, -1234, 6988,
10201, 78705737, 78705442, 1, 195, 5, 0, -41, -1256, 6992, 40, -52, -1236, 7005, 81, -64, -1246, 6996, 121, -69, -1246, 6993, 161, -67, -1232, 7006,
10201, 78705943, 78705643, 1, 195, 5, 0, -49, -1229, 7000, 41, -57, -1230, 7015, 81, -69, -1221, 7028, 121, -83, -1223, 7019, 162, -65, -1224, 7004,
10201, 78706147, 78705845, 1, 195, 6, 0, -54, -1218, 7004, 40, -69, -1223, 7013, 80, -71, -1226, 7005, 121, -59, -1230, 7017, 161, -54, -1236, 7007, 201, -63, -1229, 6999,
10201, 78706349, 78706087, 1, 195, 2, 0, -55, -1216, 7019, 40, -48, -1218, 7021,
