10201, 78593742, 78593394, 1, 100, 3, 0, 99265, 101, 99266, 202, 99266,
10201, 78593944, 78593696, 1, 100, 2, 0, 99267, 101, 99267,
10201, 78594149, 78593898, 1, 100, 2, 0, 99267, 101, 99268,
10201, 78594351, 78594099, 1, 100, 2, 0, 99268, 101, 99269,
10201, 78594553, 78594301, 1, 100, 2, 0, 99269, 100, 99269,
10201, 78594773, 78594502, 1, 100, 2, 0, 99269, 101, 99270,
10201, 78594975, 78594704, 1, 100, 2, 0, 99270, 100, 99270,
10201, 78595176, 78594905, 1, 100, 2, 0, 99270, 101, 99270,
10201, 78595377, 78595106, 1, 100, 3, 0, 99270, 101, 99271, 202, 99271,
10201, 78595578, 78595408, 1, 100, 2, 0, 99272, 101, 99272,
10201, 78595792, 78595610, 1, 100, 2, 0, 99272, 101, 99272,
10201, 78595993, 78595811, 1, 100, 2, 0, 99272, 101, 99272,
10201, 78596194, 78596013, 1, 100, 2, 0, 99272, 100, 99272,
10201, 78596396, 78596214, 1, 100, 2, 0, 99272, 101, 99272,
10201, 78596597, 78596416, 1, 100, 2, 0, 99272, 100, 99272,
10201, 78596800, 78596617, 1, 100, 2, 0, 99272, 0, 99272,
10201, 78597002, 78596718, 1, 100, 2, 0, 99272, 100, 99272,
10201, 78597203, 78596919, 1, 100, 2, 0, 99271, 101, 99271,
10201, 78597404, 78597121, 1, 100, 2, 0, 99271, 100, 99271,
10201, 78597605, 78597322, 1, 100, 2, 0, 99271, 101, 99271,
10201, 78597807, 78597523, 1, 100, 2, 0, 99271, 101, 99271,
10201, 78598009, 78597725, 1, 100, 2, 0, 99271, 100, 99271,
10201, 78598210, 78597926, 1, 100, 2, 0, 99271, 101, 99271,
10201, 78598413, 78598128, 1, 100, 2, 0, 99271, 100, 99271,
10201, 78598614, 78598329, 1, 100, 2, 0, 99270, 101, 99271,
10201, 78598820, 78598530, 1, 100, 2, 0, 99271, 101, 99271,
10201, 78599022, 78598732, 1, 100, 2, 0, 99271, 101, 99270,
10201, 78599224, 78598933, 1, 100, 2, 0, 99270, 101, 99269,
10201, 78599426, 78599135, 1, 100, 2, 0, 99270, 100, 99270,
10201, 78599629, 78599336, 1, 100, 2, 0, 99269, 101, 99270,
10201, 78599832, 78599538, 1, 100, 2, 0, 99270, 100, 99270,
10201, 78600034, 78599739, 1, 100, 2, 0, 99270, 101, 99270,
10201, 78600239, 78599940, 1, 100, 2, 0, 99270, 101, 99270,
10201, 78600441, 78600142, 1, 100, 2, 0, 99270, 100, 99270,
10201, 78600643, 78600343, 1, 100, 2, 0, 99270, 101, 99270,
10201, 78600846, 78600545, 1, 100, 2, 0, 99269, 100, 99270,
10201, 78601048, 78600746, 1, 100, 2, 0, 99270, 101, 99270,
10201, 78601250, 78600947, 1, 100, 2, 0, 99270, 101, 99271,
10201, 78601451, 78601149, 1, 100, 2, 0, 99270, 101, 99270,
10201, 78601656, 78601350, 1, 100, 4, 0, 99270, 0, 99270, 101, 99270, 202, 99270,
10201, 78601857, 78601652, 1, 100, 2, 0, 99269, 101, 99269,
10201, 78602059, 78601854, 1, 100, 2, 0, 99269, 100, 99269,
10201, 78602262, 78602055, 1, 100, 2, 0, 99269, 101, 99269,
10201, 78602463, 78602257, 1, 100, 2, 0, 99269, 100, 99269,
10201, 78602668, 78602458, 1, 100, 2, 0, 99269, 101, 99269,
10201, 78602870, 78602659, 1, 100, 2, 0, 99269, 101, 99269,
10201, 78603072, 78602861, 1, 100, 2, 0, 99269, 101, 99269,
10201, 78603286, 78603062, 1, 100, 2, 0, 99269, 101, 99269,
10201, 78603488, 78603264, 1, 100, 2, 0, 99269, 100, 99269,
10201, 78603689, 78603465, 1, 100, 2, 0, 99269, 101, 99269,
10201, 78603891, 78603667, 1, 100, 2, 0, 99269, 100, 99269,
10201, 78604092, 78603868, 1, 100, 2, 0, 99268, 101, 99268,
10201, 78604298, 78604069, 1, 100, 2, 0, 99268, 101, 99268,
10201, 78604501, 78604271, 1, 100, 2, 0, 99268, 100, 99268,
10201, 78604717, 78604472, 1, 100, 2, 0, 99269, 101, 99269,
10201, 78604920, 78604674, 1, 100, 2, 0, 99270, 100, 99270,
10201, 78605121, 78604875, 1, 100, 2, 0, 99270, 101, 99270,
10201, 78605323, 78605076, 1, 100, 2, 0, 99270, 101, 99270,
10201, 78605525, 78605278, 1, 100, 2, 0, 99270, 101, 99270,
10201, 78605727, 78605479, 1, 100, 2, 0, 99270, 101, 99270,
10201, 78605929, 78605681, 1, 100, 2, 0, 99270, 100, 99270,
10201, 78606131, 78605882, 1, 100, 2, 0, 99269, 101, 99269,
10201, 78606333, 78605983, 1, 100, 2, 0, 99269, 101, 99269,
10201, 78606535, 78606184, 1, 100, 2, 0, 99269, 101, 99269,
10201, 78606737, 78606386, 1, 100, 2, 0, 99269, 100, 99269,
10201, 78606940, 78606587, 1, 100, 2, 0, 99269, 101, 99269,
10201, 78607143, 78606788, 1, 100, 2, 0, 99269, 101, 99269,
10201, 78607348, 78606990, 1, 100, 2, 0, 99269, 101, 99268,
10201, 78607550, 78607191, 1, 100, 2, 0, 99268, 101, 99268,
10201, 78607752, 78607393, 1, 100, 2, 0, 99269, 100, 99269,
10201, 78607953, 78607594, 1, 100, 2, 0, 99270, 101, 99270,
10201, 78608156, 78607796, 1, 100, 2, 0, 99270, 100, 99270,
10201, 78608358, 78607997, 1, 100, 4, 0, 99270, 101, 99270, 0, 99270, 101, 99270,
10201, 78608559, 78608198, 1, 100, 3, 0, 99270, 101, 99270, 202, 99270,
10201, 78608761, 78608501, 1, 100, 2, 0, 99270, 100, 99270,
10201, 78608963, 78608702, 1, 100, 2, 0, 99270, 101, 99270,
10201, 78609165, 78608903, 1, 100, 3, 0, 99270, 101, 99270, 202, 99269,
10201, 78609366, 78609205, 1, 100, 2, 0, 99269, 101, 99269,
10201, 78609567, 78609407, 1, 100, 2, 0, 99269, 101, 99268,
10201, 78609768, 78609608, 1, 100, 2, 0, 99267, 101, 99267,
10201, 78609970, 78609810, 1, 100, 2, 0, 99267, 100, 99266,
10201, 78610172, 78610011, 1, 100, 2, 0, 99266, 101, 99266,
10201, 78610374, 78610213, 1, 100, 2, 0, 99266, 100, 99266,
10201, 78610576, 78610414, 1, 100, 2, 0, 99266, 101, 99266,
10201, 78610778, 78610615, 1, 100, 2, 0, 99266, 0, 99266,
10201, 78610980, 78610716, 1, 100, 2, 0, 99266, 101, 99267,
10201, 78611183, 78610918, 1, 100, 2, 0, 99267, 100, 99268,
10201, 78611384, 78611119, 1, 100, 2, 0, 99268, 101, 99267,
10201, 78611588, 78611320, 1, 100, 2, 0, 99267, 101, 99268,
10201, 78611790, 78611522, 1, 100, 2, 0, 99268, 100, 99268,
10201, 78611992, 78611723, 1, 100, 2, 0, 99268, 101, 99269,
10201, 78612198, 78611925, 1, 100, 2, 0, 99269, 100, 99269,
10201, 78612400, 78612126, 1, 100, 2, 0, 99269, 101, 99268,
10201, 78612602, 78612327, 1, 100, 2, 0, 99269, 101, 99269,
10201, 78612814, 78612529, 1, 100, 2, 0, 99269, 101, 99269,
10201, 78613016, 78612730, 1, 100, 2, 0, 99269, 101, 99268,
10201, 78613219, 78612932, 1, 100, 2, 0, 99269, 100, 99269,
10201, 78613420, 78613133, 1, 100, 2, 0, 99269, 101, 99269,
10201, 78613622, 78613335, 1, 100, 2, 0, 99268, 100, 99269,
10201, 78613826, 78613536, 1, 100, 3, 0, 99269, 101, 99269, 201, 99269,
10201, 78614030, 78613838, 1, 100, 2, 0, 99269, 0, 99269,
10201, 78614232, 78613939, 1, 100, 4, 0, 99269, 100, 99269, 0, 99269, 100, 99269,
10201, 78614434, 78614140, 1, 100, 3, 0, 99269, 101, 99269, 202, 99269,
10201, 78614636, 78614442, 1, 100, 2, 0, 99269, 101, 99269,
10201, 78614838, 78614644, 1, 100, 2, 0, 99269, 100, 99270,
10201, 78615042, 78614845, 1, 100, 2, 0, 99270, 101, 99269,
10201, 78615244, 78615047, 1, 100, 2, 0, 99269, 100, 99269,
10201, 78615446, 78615147, 1, 100, 2, 0, 99269, 101, 99269,
10201, 78615648, 78615349, 1, 100, 2, 0, 99269, 100, 99269,
10201, 78615854, 78615550, 1, 100, 2, 0, 99270, 101, 99271,
10201, 78616061, 78615751, 1, 100, 2, 0, 99271, 101, 99271,
10201, 78616264, 78615953, 1, 100, 2, 0, 99271, 101, 99271,
10201, 78616465, 78616154, 1, 100, 2, 0, 99271, 101, 99270,
10201, 78616669, 78616356, 1, 100, 2, 0, 99270, 100, 99271,
10201, 78616872, 78616557, 1, 100, 2, 0, 99271, 101, 99270,
10201, 78617074, 78616759, 1, 100, 2, 0, 99271, 100, 99271,
10201, 78617277, 78616960, 1, 100, 2, 0, 99271, 101, 99271,
10201, 78617480, 78617161, 1, 100, 2, 0, 99271, 101, 99270,
10201, 78617682, 78617363, 1, 100, 2, 0, 99271, 101, 99271,
10201, 78617893, 78617564, 1, 100, 3, 0, 99271, 101, 99271, 202, 99270,
10201, 78618095, 78617866, 1, 100, 2, 0, 99271, 101, 99271,
10201, 78618297, 78618068, 1, 100, 2, 0, 99271, 100, 99271,
10201, 78618499, 78618269, 1, 100, 2, 0, 99271, 101, 99271,
10201, 78618701, 78618471, 1, 100, 2, 0, 99271, 100, 99271,
10201, 78618906, 78618672, 1, 100, 2, 0, 99271, 101, 99270,
10201, 78619109, 78618873, 1, 100, 2, 0, 99270, 101, 99269,
10201, 78619311, 78619075, 1, 100, 2, 0, 99269, 101, 99269,
10201, 78619515, 78619276, 1, 100, 2, 0, 99269, 101, 99269,
10201, 78619720, 78619478, 1, 100, 2, 0, 99269, 100, 99268,
10201, 78619923, 78619679, 1, 100, 4, 0, 99268, 101, 99269, 0, 99268, 101, 99269,
10201, 78620125, 78619881, 1, 100, 2, 0, 99269, 100, 99269,
10201, 78620326, 78620082, 1, 100, 2, 0, 99269, 101, 99268,
10201, 78620529, 78620283, 1, 100, 2, 0, 99268, 101, 99268,
10201, 78620739, 78620485, 1, 100, 2, 0, 99268, 100, 99268,
10201, 78620940, 78620686, 1, 100, 2, 0, 99268, 101, 99267,
10201, 78621147, 78620888, 1, 100, 2, 0, 99267, 100, 99267,
10201, 78621350, 78621089, 1, 100, 2, 0, 99267, 101, 99267,
10201, 78621553, 78621290, 1, 100, 2, 0, 99267, 101, 99267,
10201, 78621757, 78621492, 1, 100, 2, 0, 99267, 101, 99267,
10201, 78621959, 78621693, 1, 100, 2, 0, 99267, 101, 99267,
10201, 78622161, 78621895, 1, 100, 2, 0, 99267, 100, 99267,
10201, 78622363, 78622096, 1, 100, 2, 0, 99267, 101, 99266,
10201, 78622566, 78622298, 1, 100, 2, 0, 99266, 100, 99267,
10201, 78622768, 78622499, 1, 100, 2, 0, 99267, 101, 99267,
10201, 78622972, 78622700, 1, 100, 2, 0, 99267, 101, 99267,
10201, 78623173, 78622902, 1, 100, 2, 0, 99267, 100, 99267,
10201, 78623376, 78623103, 1, 100, 2, 0, 99267, 101, 99267,
10201, 78623579, 78623305, 1, 100, 2, 0, 99267, 100, 99267,
10201, 78623781, 78623506, 1, 100, 2, 0, 99267, 101, 99268,
10201, 78623983, 78623707, 1, 100, 2, 0, 99268, 101, 99269,
10201, 78624185, 78623909, 1, 100, 2, 0, 99269, 101, 99269,
10201, 78624387, 78624110, 1, 100, 2, 0, 99270, 101, 99270,
10201, 78624589, 78624211, 1, 100, 2, 0, 99270, 101, 99270,
10201, 78624793, 78624412, 1, 100, 2, 0, 99270, 101, 99270,
10201, 78624994, 78624614, 1, 100, 2, 0, 99270, 101, 99270,
10201, 78625196, 78624815, 1, 100, 2, 0, 99270, 101, 99269,
10201, 78625399, 78625017, 1, 100, 2, 0, 99269, 100, 99269,
10201, 78625603, 78625218, 1, 100, 2, 0, 99269, 101, 99269,
10201, 78625807, 78625419, 1, 100, 4, 0, 99269, 101, 99268, 202, 99268, 303, 99269,
10201, 78626010, 78625822, 1, 100, 2, 0, 99269, 101, 99269,
10201, 78626212, 78626024, 1, 100, 2, 0, 99269, 100, 99269,
10201, 78626414, 78626225, 1, 100, 2, 0, 99268, 101, 99268,
10201, 78626617, 78626427, 1, 100, 2, 0, 99268, 100, 99268,
10201, 78626819, 78626628, 1, 100, 2, 0, 99268, 101, 99268,
10201, 78627021, 78626829, 1, 100, 2, 0, 99268, 101, 99268,
10201, 78627223, 78627031, 1, 100, 2, 0, 99268, 101, 99268,
10201, 78627425, 78627232, 1, 100, 2, 0, 99268, 101, 99268,
10201, 78627632, 78627434, 1, 100, 2, 0, 99268, 100, 99268,
10201, 78627833, 78627635, 1, 100, 2, 0, 99268, 101, 99268,
10201, 78628035, 78627836, 1, 100, 2, 0, 99268, 101, 99268,
10201, 78628236, 78628038, 1, 100, 2, 0, 99268, 101, 99267,
10201, 78628437, 78628239, 1, 100, 2, 0, 99267, 101, 99268,
10201, 78628639, 78628441, 1, 100, 2, 0, 99268, 100, 99268,
10201, 78628841, 78628642, 1, 100, 2, 0, 99268, 101, 99268,
10201, 78629045, 78628743, 1, 100, 2, 0, 99268, 101, 99268,
10201, 78629247, 78628944, 1, 100, 2, 0, 99267, 101, 99266,
10201, 78629448, 78629146, 1, 100, 2, 0, 99266, 100, 99266,
10201, 78629650, 78629347, 1, 100, 2, 0, 99266, 101, 99266,
10201, 78629851, 78629549, 1, 100, 2, 0, 99266, 100, 99266,
10201, 78630052, 78629750, 1, 100, 2, 0, 99266, 101, 99266,
10201, 78630256, 78629951, 1, 100, 2, 0, 99266, 101, 99266,
10201, 78630458, 78630153, 1, 100, 2, 0, 99266, 100, 99266,
10201, 78630661, 78630354, 1, 100, 2, 0, 99266, 101, 99266,
10201, 78630862, 78630556, 1, 100, 2, 0, 99266, 100, 99266,
10201, 78631064, 78630757, 1, 100, 3, 0, 99266, 101, 99266, 201, 99266,
10201, 78631266, 78631059, 1, 100, 2, 0, 99266, 101, 99266,
10201, 78631468, 78631261, 1, 100, 2, 0, 99266, 100, 99266,
10201, 78631669, 78631462, 1, 100, 2, 0, 99266, 101, 99266,
10201, 78631870, 78631663, 1, 100, 2, 0, 99266, 101, 99267,
10201, 78632071, 78631865, 1, 100, 2, 0, 99267, 100, 99267,
10201, 78632272, 78632066, 1, 100, 2, 0, 99267, 101, 99267,
10201, 78632474, 78632268, 1, 100, 2, 0, 99267, 100, 99266,
10201, 78632675, 78632469, 1, 100, 2, 0, 99266, 101, 99266,
10201, 78632876, 78632670, 1, 100, 2, 0, 99266, 101, 99267,
10201, 78633077, 78632872, 1, 100, 2, 0, 99267, 101, 99267,
10201, 78633278, 78633073, 1, 100, 2, 0, 99267, 101, 99267,
10201, 78633479, 78633275, 1, 100, 2, 0, 99267, 100, 99267,
10201, 78633681, 78633375, 1, 100, 2, 0, 99267, 101, 99267,
10201, 78633882, 78633577, 1, 100, 2, 0, 99267, 101, 99267,
10201, 78634083, 78633778, 1, 100, 2, 0, 99267, 101, 99268,
10201, 78634286, 78633980, 1, 100, 2, 0, 99268, 100, 99268,
10201, 78634487, 78634181, 1, 100, 2, 0, 99268, 101, 99268,
10201, 78634689, 78634382, 1, 100, 2, 0, 99268, 101, 99268,
10201, 78634891, 78634584, 1, 100, 2, 0, 99268, 101, 99268,
10201, 78635094, 78634785, 1, 100, 2, 0, 99268, 101, 99268,
10201, 78635296, 78634987, 1, 100, 2, 0, 99268, 100, 99268,
10201, 78635498, 78635188, 1, 100, 2, 0, 99269, 101, 99269,
10201, 78635700, 78635390, 1, 100, 2, 0, 99269, 100, 99269,
10201, 78635904, 78635591, 1, 100, 2, 0, 99269, 101, 99269,
10201, 78636106, 78635792, 1, 100, 2, 0, 99269, 101, 99269,
10201, 78636310, 78635994, 1, 100, 2, 0, 99269, 101, 99269,
10201, 78636513, 78636195, 1, 100, 2, 0, 99269, 101, 99269,
10201, 78636714, 78636397, 1, 100, 2, 0, 99269, 100, 99269,
10201, 78636942, 78636598, 1, 100, 2, 0, 99268, 101, 99268,
10201, 78637149, 78636799, 1, 100, 5, 0, 99268, 101, 99269, 0, 99268, 101, 99269, 202, 99269,
10201, 78637352, 78637102, 1, 100, 2, 0, 99268, 100, 99268,
10201, 78637554, 78637303, 1, 100, 2, 0, 99268, 101, 99268,
10201, 78637756, 78637504, 1, 100, 3, 0, 99269, 101, 99269, 202, 99269,
10201, 78637957, 78637807, 1, 100, 2, 0, 99268, 0, 99268,
10201, 78638160, 78637907, 1, 100, 2, 0, 99269, 101, 99269,
10201, 78638363, 78638109, 1, 100, 2, 0, 99269, 100, 99269,
10201, 78638565, 78638310, 1, 100, 2, 0, 99269, 101, 99270,
10201, 78638768, 78638511, 1, 100, 2, 0, 99270, 101, 99270,
10201, 78638969, 78638713, 1, 100, 2, 0, 99270, 101, 99270,
10201, 78639173, 78638914, 1, 100, 2, 0, 99270, 101, 99271,
10201, 78639375, 78639116, 1, 100, 2, 0, 99271, 100, 99272,
10201, 78639577, 78639317, 1, 100, 2, 0, 99272, 101, 99271,
10201, 78639778, 78639519, 1, 100, 2, 0, 99271, 100, 99271,
10201, 78639980, 78639720, 1, 100, 2, 0, 99271, 101, 99271,
10201, 78640182, 78639921, 1, 100, 2, 0, 99271, 101, 99270,
10201, 78640384, 78640123, 1, 100, 2, 0, 99270, 101, 99270,
10201, 78640587, 78640324, 1, 100, 2, 0, 99270, 101, 99270,
10201, 78640789, 78640526, 1, 100, 2, 0, 99270, 100, 99270,
10201, 78640992, 78640727, 1, 100, 2, 0, 99270, 101, 99269,
10201, 78641194, 78640928, 1, 100, 2, 0, 99269, 101, 99269,
10201, 78641398, 78641130, 1, 100, 2, 0, 99269, 101, 99270,
10201, 78641601, 78641331, 1, 100, 2, 0, 99270, 101, 99270,
10201, 78641804, 78641533, 1, 100, 2, 0, 99270, 100, 99270,
10201, 78642006, 78641734, 1, 100, 2, 0, 99271, 101, 99271,
10201, 78642209, 78641936, 1, 100, 2, 0, 99271, 100, 99271,
10201, 78642410, 78642137, 1, 100, 2, 0, 99270, 101, 99270,
10201, 78642612, 78642238, 1, 100, 2, 0, 99270, 100, 99270,
10201, 78642814, 78642439, 1, 100, 2, 0, 99271, 101, 99271,
10201, 78643018, 78642641, 1, 100, 2, 0, 99271, 100, 99272,
10201, 78643222, 78642842, 1, 100, 2, 0, 99272, 101, 99271,
10201, 78643424, 78643043, 1, 100, 3, 0, 99271, 101, 99271, 202, 99271,
10201, 78643626, 78643144, 1, 100, 4, 0, 99271, 101, 99271, 201, 99271, 302, 99271,
10201, 78643828, 78643547, 1, 100, 2, 0, 99271, 101, 99271,
10201, 78644030, 78643748, 1, 100, 2, 0, 99271, 101, 99271,
10201, 78644233, 78643950, 1, 100, 2, 0, 99271, 100, 99271,
10201, 78644435, 78644151, 1, 100, 2, 0, 99271, 101, 99271,
10201, 78644640, 78644353, 1, 100, 2, 0, 99271, 100, 99271,
10201, 78644844, 78644554, 1, 100, 3, 0, 99271, 101, 99271, 201, 99272,
10201, 78645046, 78644856, 1, 100, 2, 0, 99272, 101, 99272,
10201, 78645251, 78645058, 1, 100, 2, 0, 99272, 100, 99271,
10201, 78645456, 78645259, 1, 100, 2, 0, 99271, 101, 99272,
10201, 78645658, 78645460, 1, 100, 2, 0, 99272, 101, 99272,
10201, 78645860, 78645662, 1, 100, 2, 0, 99272, 100, 99272,
10201, 78646064, 78645863, 1, 100, 2, 0, 99272, 101, 99273,
10201, 78646266, 78646065, 1, 100, 2, 0, 99273, 100, 99273,
10201, 78646468, 78646266, 1, 100, 2, 0, 99273, 101, 99273,
10201, 78646674, 78646467, 1, 100, 2, 0, 99273, 101, 99273,
10201, 78646876, 78646669, 1, 100, 2, 0, 99274, 101, 99273,
10201, 78647077, 78646770, 1, 100, 2, 0, 99273, 100, 99273,
10201, 78647279, 78646971, 1, 100, 2, 0, 99273, 101, 99273,
10201, 78647483, 78647172, 1, 100, 2, 0, 99273, 101, 99273,
10201, 78647686, 78647374, 1, 100, 2, 0, 99273, 101, 99273,
10201, 78647891, 78647575, 1, 100, 2, 0, 99273, 101, 99273,
10201, 78648092, 78647777, 1, 100, 2, 0, 99273, 100, 99273,
10201, 78648294, 78647978, 1, 100, 2, 0, 99273, 101, 99273,
10201, 78648495, 78648179, 1, 100, 2, 0, 99273, 101, 99272,
10201, 78648702, 78648381, 1, 100, 2, 0, 99272, 101, 99272,
10201, 78648911, 78648582, 1, 100, 2, 0, 99273, 101, 99273,
10201, 78649114, 78648784, 1, 100, 2, 0, 99273, 100, 99274,
10201, 78649317, 78648985, 1, 100, 3, 0, 99274, 101, 99273, 202, 99273,
10201, 78649521, 78649287, 1, 100, 2, 0, 99273, 101, 99273,
10201, 78649722, 78649489, 1, 100, 2, 0, 99273, 100, 99274,
10201, 78649923, 78649690, 1, 100, 2, 0, 99274, 101, 99274,
10201, 78650126, 78649891, 1, 100, 2, 0, 99274, 101, 99274,
10201, 78650328, 78650093, 1, 100, 2, 0, 99274, 101, 99274,
10201, 78650530, 78650294, 1, 100, 2, 0, 99274, 101, 99274,
10201, 78650731, 78650496, 1, 100, 2, 0, 99274, 100, 99273,
10201, 78650934, 78650697, 1, 100, 2, 0, 99274, 101, 99274,
10201, 78651135, 78650899, 1, 100, 2, 0, 99273, 100, 99273,
10201, 78651336, 78651100, 1, 100, 2, 0, 99273, 101, 99273,
10201, 78651538, 78651301, 1, 100, 2, 0, 99273, 101, 99272,
10201, 78651740, 78651402, 1, 100, 2, 0, 99272, 101, 99273,
10201, 78651943, 78651604, 1, 100, 2, 0, 99272, 100, 99272,
10201, 78652145, 78651805, 1, 100, 2, 0, 99272, 101, 99271,
10201, 78652362, 78652006, 1, 100, 2, 0, 99271, 101, 99271,
10201, 78652568, 78652208, 1, 100, 3, 0, 99271, 100, 99271, 201, 99270,
10201, 78652770, 78652510, 1, 100, 2, 0, 99271, 101, 99271,
10201, 78652974, 78652711, 1, 100, 2, 0, 99270, 101, 99270,
10201, 78653175, 78652913, 1, 100, 2, 0, 99270, 100, 99270,
10201, 78653376, 78653114, 1, 100, 2, 0, 99270, 101, 99271,
10201, 78653578, 78653316, 1, 100, 2, 0, 99271, 100, 99271,
10201, 78653780, 78653517, 1, 100, 2, 0, 99271, 101, 99271,
10201, 78653981, 78653718, 1, 100, 2, 0, 99271, 101, 99271,
10201, 78654183, 78653920, 1, 100, 2, 0, 99271, 101, 99271,
10201, 78654386, 78654121, 1, 100, 2, 0, 99271, 101, 99270,
10201, 78654588, 78654323, 1, 100, 2, 0, 99270, 100, 99269,
10201, 78654791, 78654524, 1, 100, 2, 0, 99269, 101, 99269,
10201, 78654993, 78654725, 1, 100, 2, 0, 99269, 101, 99269,
10201, 78655195, 78654927, 1, 100, 3, 0, 99269, 101, 99269, 201, 99268,
10201, 78655399, 78655229, 1, 100, 2, 0, 99268, 101, 99268,
10201, 78655605, 78655430, 1, 100, 2, 0, 99267, 101, 99266,
10201, 78655806, 78655632, 1, 100, 2, 0, 99265, 101, 99265,
10201, 78656008, 78655733, 1, 100, 2, 0, 99265, 100, 99264,
10201, 78656211, 78655934, 1, 100, 2, 0, 99264, 101, 99265,
10201, 78656413, 78656135, 1, 100, 2, 0, 99265, 101, 99265,
10201, 78656620, 78656337, 1, 100, 2, 0, 99266, 101, 99266,
10201, 78656822, 78656538, 1, 100, 2, 0, 99266, 101, 99267,
10201, 78657024, 78656740, 1, 100, 2, 0, 99267, 100, 99267,
10201, 78657226, 78656941, 1, 100, 2, 0, 99267, 101, 99267,
10201, 78657445, 78657142, 1, 100, 2, 0, 99266, 101, 99266,
10201, 78657647, 78657344, 1, 100, 2, 0, 99266, 101, 99266,
10201, 78657849, 78657545, 1, 100, 2, 0, 99266, 101, 99266,
10201, 78658051, 78657747, 1, 100, 2, 0, 99266, 100, 99266,
10201, 78658253, 78657948, 1, 100, 2, 0, 99266, 101, 99266,
10201, 78658457, 78658150, 1, 100, 2, 0, 99266, 100, 99266,
10201, 78658658, 78658351, 1, 100, 2, 0, 99266, 101, 99266,
10201, 78658860, 78658552, 1, 100, 2, 0, 99266, 101, 99266,
10201, 78659064, 78658754, 1, 100, 2, 0, 99266, 101, 99266,
10201, 78659267, 78658955, 1, 100, 3, 0, 99266, 101, 99266, 202, 99266,
10201, 78659470, 78659257, 1, 100, 2, 0, 99266, 101, 99265,
10201, 78659672, 78659459, 1, 100, 2, 0, 99265, 100, 99265,
10201, 78659877, 78659660, 1, 100, 2, 0, 99265, 101, 99265,
10201, 78660079, 78659862, 1, 100, 2, 0, 99265, 100, 99265,
10201, 78660282, 78660063, 1, 100, 2, 0, 99264, 101, 99264,
10201, 78660487, 78660264, 1, 100, 2, 0, 99265, 0, 99265,
10201, 78660689, 78660365, 1, 100, 4, 0, 99264, 101, 99265, 0, 99264, 101, 99265,
10201, 78660894, 78660567, 1, 100, 3, 0, 99265, 100, 99264, 201, 99265,
10201, 78661096, 78660869, 1, 100, 2, 0, 99265, 100, 99265,
10201, 78661298, 78661070, 1, 100, 2, 0, 99264, 101, 99265,
10201, 78661500, 78661271, 1, 100, 2, 0, 99265, 101, 99265,
10201, 78661702, 78661473, 1, 100, 2, 0, 99265, 101, 99265,
10201, 78661906, 78661674, 1, 100, 2, 0, 99265, 101, 99265,
10201, 78662109, 78661876, 1, 100, 2, 0, 99264, 100, 99265,
10201, 78662311, 78662077, 1, 100, 2, 0, 99265, 101, 99265,
10201, 78662513, 78662279, 1, 100, 2, 0, 99264, 100, 99264,
10201, 78662715, 78662480, 1, 100, 2, 0, 99264, 101, 99264,
10201, 78662917, 78662681, 1, 100, 2, 0, 99263, 101, 99263,
10201, 78663120, 78662883, 1, 100, 2, 0, 99263, 101, 99263,
10201, 78663322, 78663084, 1, 100, 2, 0, 99263, 101, 99263,
10201, 78663525, 78663286, 1, 100, 2, 0, 99264, 100, 99264,
10201, 78663727, 78663487, 1, 100, 2, 0, 99264, 101, 99263,
10201, 78663929, 78663688, 1, 100, 2, 0, 99263, 101, 99263,
10201, 78664133, 78663890, 1, 100, 2, 0, 99262, 101, 99262,
10201, 78664335, 78664091, 1, 100, 2, 0, 99262, 101, 99262,
10201, 78664537, 78664293, 1, 100, 2, 0, 99262, 100, 99262,
10201, 78664741, 78664494, 1, 100, 2, 0, 99262, 101, 99262,
10201, 78664943, 78664696, 1, 100, 2, 0, 99262, 0, 99262,
10201, 78665145, 78664796, 1, 100, 2, 0, 99262, 101, 99262,
10201, 78665350, 78664998, 1, 100, 2, 0, 99261, 100, 99261,
10201, 78665554, 78665199, 1, 100, 2, 0, 99262, 101, 99262,
10201, 78665756, 78665401, 1, 100, 2, 0, 99262, 100, 99262,
10201, 78665957, 78665602, 1, 100, 2, 0, 99262, 101, 99262,
10201, 78666159, 78665803, 1, 100, 3, 0, 99262, 101, 99262, 202, 99262,
10201, 78666361, 78666105, 1, 100, 2, 0, 99263, 101, 99263,
10201, 78666563, 78666307, 1, 100, 2, 0, 99263, 101, 99263,
10201, 78666765, 78666508, 1, 100, 2, 0, 99262, 101, 99263,
10201, 78666967, 78666710, 1, 100, 2, 0, 99263, 100, 99263,
10201, 78667181, 78666911, 1, 100, 2, 0, 99263, 101, 99263,
10201, 78667383, 78667113, 1, 100, 2, 0, 99263, 100, 99263,
10201, 78667585, 78667314, 1, 100, 2, 0, 99263, 101, 99263,
10201, 78667788, 78667515, 1, 100, 2, 0, 99263, 101, 99263,
10201, 78667991, 78667717, 1, 100, 2, 0, 99262, 101, 99262,
10201, 78668200, 78667918, 1, 100, 3, 0, 99262, 101, 99262, 202, 99262,
10201, 78668402, 78668220, 1, 100, 2, 0, 99261, 101, 99261,
10201, 78668605, 78668422, 1, 100, 2, 0, 99261, 100, 99262,
10201, 78668807, 78668623, 1, 100, 2, 0, 99262, 101, 99262,
10201, 78669021, 78668825, 1, 100, 2, 0, 99262, 100, 99262,
10201, 78669224, 78669026, 1, 100, 2, 0, 99261, 101, 99261,
10201, 78669426, 78669127, 1, 100, 2, 0, 99261, 100, 99261,
10201, 78669629, 78669328, 1, 100, 2, 0, 99262, 101, 99261,
10201, 78669830, 78669530, 1, 100, 2, 0, 99262, 100, 99261,
10201, 78670033, 78669731, 1, 100, 2, 0, 99261, 101, 99261,
10201, 78670236, 78669932, 1, 100, 2, 0, 99261, 101, 99260,
10201, 78670439, 78670134, 1, 100, 2, 0, 99260, 101, 99260,
10201, 78670642, 78670335, 1, 100, 2, 0, 99260, 101, 99260,
10201, 78670844, 78670537, 1, 100, 2, 0, 99260, 100, 99260,
10201, 78671047, 78670738, 1, 100, 2, 0, 99260, 101, 99260,
10201, 78671253, 78670939, 1, 100, 2, 0, 99260, 101, 99261,
10201, 78671455, 78671141, 1, 100, 3, 0, 99261, 101, 99261, 201, 99261,
10201, 78671657, 78671443, 1, 100, 2, 0, 99261, 101, 99261,
10201, 78671861, 78671644, 1, 100, 2, 0, 99261, 101, 99261,
10201, 78672063, 78671846, 1, 100, 2, 0, 99261, 101, 99261,
10201, 78672268, 78672047, 1, 100, 2, 0, 99260, 101, 99260,
10201, 78672470, 78672249, 1, 100, 2, 0, 99260, 100, 99260,
10201, 78672672, 78672450, 1, 100, 2, 0, 99260, 101, 99260,
10201, 78672877, 78672652, 1, 100, 2, 0, 99260, 100, 99260,
10201, 78673081, 78672853, 1, 100, 2, 0, 99260, 101, 99261,
10201, 78673283, 78673054, 1, 100, 2, 0, 99261, 101, 99261,
10201, 78673487, 78673256, 1, 100, 2, 0, 99261, 100, 99261,
10201, 78673691, 78673457, 1, 100, 2, 0, 99260, 101, 99260,
10201, 78673895, 78673558, 1, 100, 2, 0, 99260, 101, 99260,
10201, 78674104, 78673759, 1, 100, 2, 0, 99261, 101, 99261,
10201, 78674307, 78673961, 1, 100, 2, 0, 99261, 100, 99261,
10201, 78674511, 78674162, 1, 100, 3, 0, 99261, 101, 99261, 202, 99261,
10201, 78674712, 78674464, 1, 100, 2, 0, 99261, 101, 99261,
10201, 78674918, 78674666, 1, 100, 2, 0, 99261, 100, 99261,
10201, 78675123, 78674867, 1, 100, 2, 0, 99261, 101, 99261,
10201, 78675326, 78675069, 1, 100, 2, 0, 99261, 100, 99261,
10201, 78675528, 78675270, 1, 100, 2, 0, 99261, 101, 99261,
10201, 78675731, 78675471, 1, 100, 2, 0, 99261, 101, 99261,
10201, 78675933, 78675673, 1, 100, 2, 0, 99261, 100, 99261,
10201, 78676135, 78675874, 1, 100, 2, 0, 99261, 101, 99261,
10201, 78676338, 78676076, 1, 100, 2, 0, 99261, 100, 99261,
10201, 78676540, 78676277, 1, 100, 2, 0, 99261, 101, 99261,
10201, 78676742, 78676478, 1, 100, 2, 0, 99261, 101, 99261,
10201, 78676944, 78676680, 1, 100, 2, 0, 99262, 101, 99262,
10201, 78677146, 78676881, 1, 100, 2, 0, 99261, 101, 99261,
10201, 78677348, 78677083, 1, 100, 2, 0, 99261, 100, 99261,
10201, 78677552, 78677284, 1, 100, 3, 0, 99261, 101, 99261, 201, 99261,
10201, 78677754, 78677586, 1, 100, 2, 0, 99261, 101, 99261,
10201, 78677956, 78677788, 1, 100, 2, 0, 99261, 100, 99262,
10201, 78678158, 78677989, 1, 100, 2, 0, 99262, 101, 99262,
10201, 78678363, 78678090, 1, 100, 2, 0, 99262, 100, 99262,
10201, 78678566, 78678291, 1, 100, 2, 0, 99262, 101, 99262,
10201, 78678768, 78678493, 1, 100, 2, 0, 99262, 100, 99262,
10201, 78678972, 78678694, 1, 100, 2, 0, 99262, 101, 99262,
10201, 78679174, 78678895, 1, 100, 2, 0, 99262, 101, 99262,
10201, 78679379, 78679097, 1, 100, 2, 0, 99262, 101, 99262,
10201, 78679581, 78679298, 1, 100, 2, 0, 99262, 101, 99262,
10201, 78679783, 78679500, 1, 100, 2, 0, 99262, 100, 99262,
10201, 78679986, 78679701, 1, 100, 2, 0, 99262, 101, 99262,
10201, 78680188, 78679902, 1, 100, 2, 0, 99262, 101, 99262,
10201, 78680392, 78680104, 1, 100, 2, 0, 99262, 101, 99262,
10201, 78680594, 78680305, 1, 100, 2, 0, 99263, 101, 99263,
10201, 78680798, 78680507, 1, 100, 2, 0, 99263, 100, 99263,
10201, 78681000, 78680708, 1, 100, 2, 0, 99263, 101, 99263,
10201, 78681204, 78680910, 1, 100, 2, 0, 99263, 100, 99263,
10201, 78681406, 78681111, 1, 100, 2, 0, 99263, 101, 99263,
10201, 78681608, 78681312, 1, 100, 2, 0, 99263, 101, 99262,
10201, 78681810, 78681514, 1, 100, 2, 0, 99262, 101, 99262,
10201, 78682011, 78681715, 1, 100, 2, 0, 99262, 101, 99262,
10201, 78682213, 78681917, 1, 100, 2, 0, 99262, 100, 99262,
10201, 78682415, 78682118, 1, 100, 2, 0, 99262, 101, 99262,
10201, 78682618, 78682319, 1, 100, 2, 0, 99262, 101, 99262,
10201, 78682820, 78682521, 1, 100, 2, 0, 99261, 101, 99261,
10201, 78683022, 78682722, 1, 100, 2, 0, 99262, 101, 99262,
10201, 78683223, 78682924, 1, 100, 2, 0, 99262, 100, 99262,
10201, 78683425, 78683125, 1, 100, 2, 0, 99261, 101, 99261,
10201, 78683632, 78683327, 1, 100, 3, 0, 99261, 100, 99261, 201, 99261,
10201, 78683834, 78683629, 1, 100, 2, 0, 99261, 100, 99261,
10201, 78684037, 78683830, 1, 100, 2, 0, 99261, 101, 99261,
10201, 78684240, 78684032, 1, 100, 2, 0, 99261, 100, 99261,
10201, 78684441, 78684233, 1, 100, 2, 0, 99261, 101, 99261,
10201, 78684658, 78684434, 1, 100, 2, 0, 99261, 101, 99261,
10201, 78684861, 78684636, 1, 100, 2, 0, 99261, 100, 99261,
10201, 78685063, 78684837, 1, 100, 2, 0, 99261, 101, 99261,
10201, 78685265, 78685039, 1, 100, 2, 0, 99261, 100, 99261,
10201, 78685467, 78685240, 1, 100, 2, 0, 99261, 101, 99261,
10201, 78685672, 78685441, 1, 100, 2, 0, 99261, 101, 99261,
10201, 78685875, 78685643, 1, 100, 2, 0, 99261, 101, 99261,
10201, 78686077, 78685844, 1, 100, 2, 0, 99260, 101, 99260,
10201, 78686282, 78686046, 1, 100, 2, 0, 99260, 100, 99260,
10201, 78686484, 78686247, 1, 100, 2, 0, 99260, 101, 99260,
10201, 78686686, 78686449, 1, 100, 2, 0, 99260, 100, 99260,
10201, 78686888, 78686650, 1, 100, 2, 0, 99261, 101, 99261,
10201, 78687091, 78686851, 1, 100, 2, 0, 99260, 101, 99261,
10201, 78687294, 78687053, 1, 100, 2, 0, 99261, 0, 99261,
10201, 78687496, 78687153, 1, 100, 2, 0, 99261, 101, 99261,
10201, 78687698, 78687355, 1, 100, 2, 0, 99262, 101, 99262,
10201, 78687901, 78687556, 1, 100, 2, 0, 99262, 101, 99261,
10201, 78688102, 78687758, 1, 100, 2, 0, 99261, 100, 99261,
10201, 78688303, 78687959, 1, 100, 2, 0, 99261, 101, 99262,
10201, 78688505, 78688161, 1, 100, 2, 0, 99262, 100, 99262,
10201, 78688707, 78688362, 1, 100, 3, 0, 99262, 101, 99262, 201, 99262,
10201, 78688909, 78688664, 1, 100, 2, 0, 99262, 101, 99262,
10201, 78689110, 78688866, 1, 100, 2, 0, 99262, 100, 99262,
10201, 78689316, 78689067, 1, 100, 2, 0, 99262, 101, 99262,
10201, 78689518, 78689168, 1, 100, 3, 0, 99262, 100, 99262, 201, 99262,
10201, 78689720, 78689470, 1, 100, 2, 0, 99262, 100, 99262,
10201, 78689922, 78689671, 1, 100, 2, 0, 99262, 101, 99262,
10201, 78690124, 78689873, 1, 100, 2, 0, 99262, 100, 99262,
10201, 78690326, 78690074, 1, 100, 2, 0, 99262, 101, 99262,
10201, 78690528, 78690275, 1, 100, 2, 0, 99262, 101, 99262,
10201, 78690730, 78690477, 1, 100, 2, 0, 99262, 101, 99261,
10201, 78690931, 78690678, 1, 100, 2, 0, 99261, 101, 99261,
10201, 78691133, 78690880, 1, 100, 2, 0, 99261, 100, 99261,
10201, 78691337, 78691081, 1, 100, 2, 0, 99261, 101, 99261,
10201, 78691540, 78691283, 1, 100, 2, 0, 99261, 100, 99261,
10201, 78691741, 78691484, 1, 100, 2, 0, 99261, 0, 99261,
10201, 78691943, 78691585, 1, 100, 2, 0, 99261, 100, 99261,
10201, 78692146, 78691786, 1, 100, 3, 0, 99262, 101, 99261, 201, 99261,
10201, 78692348, 78692088, 1, 100, 2, 0, 99261, 101, 99261,
10201, 78692550, 78692290, 1, 100, 2, 0, 99261, 100, 99261,
10201, 78692752, 78692491, 1, 100, 2, 0, 99261, 101, 99261,
10201, 78692954, 78692692, 1, 100, 2, 0, 99261, 101, 99261,
10201, 78693156, 78692894, 1, 100, 2, 0, 99260, 101, 99260,
10201, 78693359, 78693095, 1, 100, 2, 0, 99261, 101, 99261,
10201, 78693563, 78693297, 1, 100, 2, 0, 99261, 100, 99261,
10201, 78693765, 78693498, 1, 100, 2, 0, 99261, 101, 99260,
10201, 78693967, 78693700, 1, 100, 2, 0, 99260, 100, 99260,
10201, 78694168, 78693901, 1, 100, 2, 0, 99261, 101, 99261,
10201, 78694369, 78694102, 1, 100, 2, 0, 99260, 101, 99260,
10201, 78694571, 78694304, 1, 100, 3, 0, 99260, 100, 99260, 201, 99260,
10201, 78694773, 78694606, 1, 100, 2, 0, 99260, 101, 99260,
10201, 78694977, 78694807, 1, 100, 2, 0, 99259, 0, 99259,
10201, 78695180, 78694908, 1, 100, 3, 0, 99259, 101, 99259, 201, 99259,
10201, 78695383, 78695210, 1, 100, 2, 0, 99259, 101, 99259,
10201, 78695588, 78695412, 1, 100, 2, 0, 99259, 100, 99260,
10201, 78695790, 78695613, 1, 100, 2, 0, 99260, 101, 99260,
10201, 78695992, 78695814, 1, 100, 2, 0, 99260, 101, 99260,
10201, 78696195, 78696016, 1, 100, 2, 0, 99260, 0, 99260,
10201, 78696397, 78696117, 1, 100, 2, 0, 99260, 100, 99260,
10201, 78696599, 78696318, 1, 100, 2, 0, 99260, 101, 99259,
10201, 78696800, 78696519, 1, 100, 2, 0, 99259, 101, 99259,
10201, 78697004, 78696721, 1, 100, 2, 0, 99259, 100, 99259,
10201, 78697206, 78696922, 1, 100, 2, 0, 99259, 101, 99260,
10201, 78697408, 78697124, 1, 100, 2, 0, 99260, 100, 99260,
10201, 78697611, 78697325, 1, 100, 2, 0, 99260, 101, 99260,
10201, 78697813, 78697526, 1, 100, 2, 0, 99259, 101, 99259,
10201, 78698018, 78697728, 1, 100, 2, 0, 99260, 101, 99260,
10201, 78698220, 78697929, 1, 100, 2, 0, 99260, 101, 99260,
10201, 78698424, 78698131, 1, 100, 2, 0, 99259, 100, 99259,
10201, 78698626, 78698332, 1, 100, 2, 0, 99260, 101, 99260,
10201, 78698828, 78698533, 1, 100, 2, 0, 99260, 101, 99260,
10201, 78699044, 78698735, 1, 100, 2, 0, 99260, 101, 99260,
10201, 78699246, 78698936, 1, 100, 2, 0, 99260, 101, 99259,
10201, 78699449, 78699138, 1, 100, 2, 0, 99259, 100, 99259,
10201, 78699651, 78699339, 1, 100, 2, 0, 99259, 101, 99259,
10201, 78699853, 78699541, 1, 100, 2, 0, 99259, 100, 99259,
10201, 78700056, 78699742, 1, 100, 2, 0, 99259, 101, 99258,
10201, 78700259, 78699943, 1, 100, 4, 0, 99258, 101, 99258, 0, 99258, 101, 99258,
10201, 78700461, 78700145, 1, 100, 3, 0, 99259, 101, 99259, 201, 99259,
10201, 78700664, 78700447, 1, 100, 2, 0, 99259, 0, 99259,
10201, 78700870, 78700548, 1, 100, 3, 0, 99259, 100, 99259, 201, 99259,
10201, 78701074, 78700850, 1, 100, 2, 0, 99259, 100, 99258,
10201, 78701277, 78701051, 1, 100, 2, 0, 99259, 101, 99259,
10201, 78701482, 78701253, 1, 100, 2, 0, 99259, 100, 99259,
10201, 78701687, 78701454, 1, 100, 2, 0, 99259, 101, 99260,
10201, 78701894, 78701655, 1, 100, 2, 0, 99260, 101, 99260,
10201, 78702097, 78701857, 1, 100, 2, 0, 99260, 101, 99259,
10201, 78702300, 78702058, 1, 100, 2, 0, 99259, 101, 99259,
10201, 78702501, 78702260, 1, 100, 2, 0, 99259, 100, 99259,
10201, 78702703, 78702461, 1, 100, 2, 0, 99259, 101, 99259,
10201, 78702906, 78702663, 1, 100, 2, 0, 99259, 100, 99259,
10201, 78703107, 78702864, 1, 100, 2, 0, 99259, 101, 99259,
10201, 78703311, 78703065, 1, 100, 2, 0, 99259, 101, 99259,
10201, 78703514, 78703267, 1, 100, 2, 0, 99258, 100, 99259,
10201, 78703716, 78703468, 1, 100, 2, 0, 99259, 101, 99258,
10201, 78703918, 78703670, 1, 100, 2, 0, 99258, 100, 99258,
10201, 78704120, 78703871, 1, 100, 2, 0, 99258, 101, 99258,
10201, 78704322, 78704072, 1, 100, 2, 0, 99258, 101, 99258,
10201, 78704524, 78704274, 1, 100, 2, 0, 99258, 101, 99257,
10201, 78704727, 78704475, 1, 100, 2, 0, 99257, 101, 99257,
10201, 78704929, 78704677, 1, 100, 2, 0, 99257, 100, 99256,
10201, 78705131, 78704878, 1, 100, 2, 0, 99256, 0, 99256,
10201, 78705333, 78704979, 1, 100, 2, 0, 99257, 100, 99256,
10201, 78705536, 78705180, 1, 100, 2, 0, 99256, 101, 99256,
10201, 78705738, 78705382, 1, 100, 2, 0, 99256, 100, 99256,
10201, 78705945, 78705583, 1, 100, 2, 0, 99256, 101, 99256,
10201, 78706147, 78705784, 1, 100, 3, 0, 99255, 101, 99256, 202, 99256,
10201, 78706349, 78706087, 1, 100, 1, 0, 99256,
